1	0.962321937084198
1	0.9999830722808838
1	0.9993708729743958
1	1.0
1	1.0
1	1.0
1	0.9999998211860657
1	0.9885683059692383
1	1.0
1	1.0
1	1.0
1	0.9999181032180786
1	1.0
1	0.9999756813049316
1	1.0
1	0.9998549222946167
1	1.0
1	1.0
1	0.9999443292617798
1	0.9999999403953552
1	1.0
1	0.9999014139175415
1	1.0
1	0.9999866485595703
1	0.9999979138374329
1	1.0
1	1.0
1	1.0
1	1.0
1	0.9998723268508911
1	1.0
1	0.999999463558197
1	1.0
1	0.9999927282333374
1	0.9999788403511047
1	0.9999971985816956
1	0.998903214931488
1	1.0
1	1.0
1	0.999693751335144
1	0.9999999403953552
1	0.9999997615814209
1	1.0
1	0.9999503493309021
1	1.0
1	1.0
1	0.9999975562095642
1	0.9999960660934448
1	0.9997022151947021
1	0.9989351630210876
1	1.0
1	0.9999874234199524
1	0.999823808670044
1	1.0
1	0.9999874830245972
1	1.0
1	1.0
1	0.9999676942825317
1	1.0
1	0.9999884366989136
1	0.9985617399215698
1	1.0
1	1.0
1	0.9999813437461853
1	0.9996140003204346
1	0.9999998211860657
1	1.0
1	1.0
1	1.0
1	1.0
1	0.9999092817306519
1	1.0
1	0.999981701374054
1	0.999973475933075
1	0.999385416507721
1	1.0
1	0.9998550415039062
1	0.999961793422699
1	0.9999999403953552
1	0.9999992251396179
1	1.0
1	1.0
1	1.0
1	0.9999794960021973
1	1.0
1	0.9999998211860657
1	1.0
1	0.9999407529830933
1	0.9999997615814209
1	0.99997478723526
1	1.0
1	0.9999547600746155
1	1.0
1	1.0
1	1.0
1	1.0
1	1.0
1	0.9996920824050903
1	1.0
1	1.0
1	1.0
1	0.9999929070472717
1	0.9999000430107117
1	0.9999870657920837
1	0.9997353553771973
1	1.0
1	0.9995201826095581
1	1.0
1	0.9984442591667175
1	1.0
1	0.9991359710693359
1	0.999995231628418
1	1.0
1	0.9999997615814209
1	0.999999463558197
1	1.0
1	0.9981411099433899
1	1.0
1	1.0
1	0.9940422177314758
1	0.9999951720237732
1	0.9999977350234985
1	0.9994773268699646
1	1.0
1	1.0
1	1.0
1	1.0
1	1.0
1	0.9999988079071045
1	0.9999998211860657
1	1.0
1	1.0
1	1.0
1	1.0
1	0.9999900460243225
1	1.0
1	0.9552769064903259
1	1.0
1	1.0
1	0.9887074828147888
1	1.0
1	0.9815117716789246
1	1.0
1	0.989712655544281
1	1.0
1	0.9999999403953552
1	0.984288215637207
1	0.9999777674674988
1	0.9873721599578857
1	1.0
1	1.0
1	0.988366425037384
1	0.9999996423721313
1	0.9998888969421387
1	0.9968363642692566
1	0.9999998211860657
1	1.0
1	0.9984976649284363
1	0.9999995231628418
1	0.9719741940498352
1	1.0
1	1.0
1	0.9973128437995911
1	1.0
1	0.9904666543006897
1	1.0
1	0.9968082308769226
1	0.9999993443489075
1	1.0
1	0.9755560755729675
1	0.9951716065406799
1	0.9999893307685852
1	0.9999999403953552
1	0.9956045746803284
1	0.9999986886978149
1	0.9938284158706665
1	0.9999940991401672
1	0.9998083710670471
1	1.0
1	0.990304172039032
1	1.0
1	1.0
1	1.0
1	0.9811671376228333
1	1.0
1	0.9987759590148926
1	0.9907354116439819
1	1.0
1	0.9929452538490295
1	1.0
1	0.9896289706230164
1	1.0
1	1.0
1	0.9999999403953552
1	0.988192617893219
1	1.0
1	0.9884704351425171
1	1.0
1	0.9871088862419128
1	0.9999952912330627
1	0.9801634550094604
1	1.0
1	0.9728538990020752
1	1.0
1	0.9992414116859436
1	0.999990701675415
1	0.9828426837921143
1	1.0
1	0.9896504282951355
1	1.0
1	0.9764835238456726
1	1.0
1	0.9795881509780884
1	1.0
1	0.9968831539154053
1	1.0
1	1.0
1	1.0
1	0.9933187961578369
1	0.9999919533729553
1	0.9899474382400513
1	1.0
1	0.9673042893409729
1	1.0
1	0.9863847494125366
1	1.0
1	1.0
1	0.999769926071167
1	0.9958736896514893
1	1.0
1	1.0
1	0.9995364546775818
1	1.0
1	0.988848090171814
1	1.0
1	0.9887357354164124
1	1.0
1	1.0
1	1.0
1	0.9999998807907104
1	1.0
1	1.0
1	1.0
1	0.9949881434440613
1	0.9999949932098389
1	0.9999738931655884
1	1.0
1	0.9969993233680725
1	1.0
1	0.9998533725738525
1	0.9954491853713989
1	0.9973231554031372
1	0.9999906420707703
1	0.9996942281723022
1	1.0
1	1.0
1	1.0
1	0.9804981350898743
1	1.0
1	0.9624095559120178
1	1.0
1	1.0
1	0.9958082437515259
1	1.0
1	0.9943303465843201
1	1.0
1	0.9999825358390808
1	1.0
1	1.0
1	0.9943863749504089
1	1.0
1	1.0
1	0.9970808625221252
1	1.0
1	0.992531955242157
1	1.0
1	0.993004560470581
1	0.9999972581863403
1	0.972314178943634
1	1.0
1	1.0
1	0.9860911965370178
1	0.9999983310699463
1	0.9886696934700012
1	1.0
1	0.9955634474754333
1	1.0
1	0.9837478399276733
1	0.9999986886978149
1	0.9993495941162109
1	0.9999997615814209
1	1.0
1	0.9846607446670532
1	1.0
1	1.0
1	1.0
1	0.999986469745636
1	0.9944440722465515
1	1.0
1	0.9999969005584717
1	1.0
1	0.9955334663391113
1	1.0
1	1.0
1	1.0
1	0.9980789422988892
1	1.0
1	0.9995718598365784
1	1.0
1	0.9883953928947449
1	1.0
1	0.9997454285621643
1	1.0
1	0.9970718026161194
1	1.0
1	0.999989926815033
1	1.0
1	0.9869179725646973
1	0.9999982118606567
1	0.9965290427207947
1	1.0
1	0.9970349669456482
1	1.0
1	0.986403226852417
1	1.0
1	0.9969843029975891
1	0.9999998807907104
1	1.0
1	1.0
1	0.9957269430160522
1	1.0
1	0.9887580871582031
1	1.0
1	1.0
1	0.9999887943267822
1	0.9863717555999756
1	0.9999997615814209
1	1.0
1	0.999974250793457
1	0.988278865814209
1	1.0
1	1.0
1	0.9980109333992004
1	1.0
1	0.9875888228416443
1	1.0
1	0.9999982118606567
1	1.0
1	0.9897887706756592
1	1.0
1	1.0
1	0.9999784827232361
1	1.0
1	1.0
1	0.9862387180328369
1	0.9999889135360718
1	0.9812255501747131
1	1.0
1	0.9901332259178162
1	0.9970881938934326
1	0.9999958872795105
1	1.0
1	0.9997408390045166
1	1.0
1	0.997910737991333
1	1.0
1	0.9999998807907104
1	0.9891378879547119
1	1.0
1	0.9916262626647949
1	1.0
1	1.0
1	0.9878196716308594
1	1.0
1	0.9922420382499695
1	1.0
1	0.9850015044212341
1	1.0
1	1.0
1	1.0
1	0.9966402053833008
1	1.0
1	0.9999918341636658
1	0.9929441809654236
1	1.0
1	0.996052622795105
1	1.0
1	0.991529643535614
1	0.9999990463256836
1	0.9838143587112427
1	1.0
1	1.0
1	0.989915668964386
1	1.0
1	1.0
1	0.9908092021942139
1	1.0
1	0.9989809393882751
1	1.0
1	0.9788495302200317
1	1.0
1	0.9893117547035217
1	1.0
1	0.9999983906745911
1	1.0
1	0.977897047996521
1	1.0
1	0.9926310777664185
1	1.0
1	0.9989297986030579
1	1.0
1	0.9881723523139954
1	1.0
1	0.9999967217445374
1	1.0
1	1.0
1	0.9959000945091248
1	1.0
1	0.9999998211860657
1	1.0
1	0.9952865242958069
1	1.0
1	0.9798266291618347
1	1.0
1	0.9999986290931702
1	1.0
1	1.0
1	1.0
1	0.9865999221801758
1	1.0
1	0.992965042591095
1	1.0
1	0.9973495006561279
1	1.0
1	0.9896214008331299
1	1.0
1	0.9888653755187988
1	0.9999620318412781
1	1.0
1	0.9999999403953552
1	0.9931945204734802
1	0.9973617196083069
1	0.9973617196083069
1	0.9941866397857666
1	1.0
1	0.9961574673652649
1	1.0
1	0.9857105612754822
1	1.0
1	1.0
1	1.0
1	0.9851440787315369
1	1.0
1	1.0
1	0.999883770942688
1	0.999998152256012
1	0.9842234253883362
1	1.0
1	0.9869116544723511
1	1.0
1	1.0
1	0.9827575087547302
1	0.9903287291526794
1	0.9999998807907104
1	1.0
1	0.9988296627998352
1	1.0
1	0.9901300072669983
1	1.0
1	0.9999998807907104
1	1.0
1	1.0
1	0.993507981300354
1	0.99003005027771
1	1.0
1	0.9969460964202881
1	1.0
1	0.9866728186607361
1	1.0
1	0.9996968507766724
1	1.0
1	0.9829826354980469
1	1.0
1	1.0
1	0.9748755097389221
1	1.0
1	0.9853999614715576
1	1.0
1	1.0
1	0.985309898853302
1	1.0
1	0.9949575662612915
1	1.0
1	1.0
1	0.9999656677246094
1	0.9878875613212585
1	1.0
1	0.9857200384140015
1	0.9927034378051758
1	0.9999994039535522
1	1.0
1	1.0
1	0.9975612163543701
1	1.0
1	0.9861825704574585
1	0.9911540746688843
1	1.0
1	0.9941509962081909
1	1.0
1	0.9813828468322754
1	0.9998393654823303
1	1.0
1	0.9837356209754944
1	0.9883634448051453
1	1.0
1	0.9981125593185425
1	1.0
1	0.9648007750511169
1	1.0
1	0.9995009303092957
1	0.9947145581245422
1	1.0
1	0.9914968609809875
1	1.0
1	0.9909721612930298
1	1.0
1	0.9999995827674866
1	1.0
1	0.9782376885414124
1	0.983392596244812
1	1.0
1	0.9934524297714233
1	0.9954090118408203
1	1.0
1	1.0
1	1.0
1	0.9999035596847534
1	1.0
1	0.998633086681366
1	0.9780377745628357
1	1.0
1	0.9965308308601379
1	0.9999998211860657
1	0.9997548460960388
1	1.0
1	0.999968409538269
1	1.0
1	0.9922451972961426
1	1.0
1	0.9999954104423523
1	1.0
1	0.9906392097473145
1	0.9959415793418884
1	1.0
1	0.9929364323616028
1	0.9999998807907104
1	0.9979944229125977
1	1.0
1	0.996743381023407
1	1.0
1	0.9998885989189148
1	1.0
1	0.9916837811470032
1	1.0
1	0.9999998807907104
1	0.999997079372406
1	1.0
1	0.997911274433136
1	0.9900543689727783
1	1.0
1	0.9935950636863708
1	0.9998885989189148
1	1.0
1	0.9862641096115112
1	0.9999770522117615
1	1.0
1	0.9817838668823242
1	1.0
1	0.9997159838676453
1	1.0
1	0.9995337724685669
1	0.9999998807907104
1	0.9984912872314453
1	0.9989497065544128
1	1.0
1	0.9887925386428833
1	1.0
1	1.0
1	0.992213249206543
1	1.0
1	0.9996011257171631
1	1.0
1	0.9911322593688965
1	0.9984912872314453
1	0.9869640469551086
1	0.9999997615814209
1	0.9993261098861694
1	0.9999998807907104
1	0.9866662621498108
1	0.9936057329177856
1	1.0
1	0.9999998807907104
1	1.0
1	0.9872086048126221
1	1.0
1	1.0
1	0.9846657514572144
1	0.9999999403953552
1	0.9961972832679749
1	1.0
1	0.9961040616035461
1	1.0
1	0.9999999403953552
1	0.995570719242096
1	1.0
1	1.0
1	0.999995768070221
1	1.0
1	0.9966012835502625
1	1.0
1	0.9999754428863525
1	1.0
1	0.9854587912559509
1	1.0
1	1.0
1	1.0
1	1.0
1	0.9909412860870361
1	1.0
1	0.9998476505279541
1	1.0
1	0.9859784245491028
1	0.9999998807907104
1	0.994684100151062
1	1.0
1	0.9999971985816956
1	1.0
1	0.9999999403953552
1	1.0
1	1.0
1	1.0
1	0.9973866939544678
1	0.978439450263977
1	1.0
1	0.9972617030143738
1	1.0
1	0.9930654168128967
1	1.0
1	1.0
1	0.9999459981918335
1	0.9928544759750366
1	1.0
1	0.985194206237793
1	1.0
1	0.9975162148475647
1	1.0
1	0.9936147928237915
1	1.0
1	0.9868721961975098
1	0.9999973773956299
1	0.984397292137146
1	1.0
1	1.0
1	0.9982374310493469
1	1.0
1	0.9977232813835144
1	1.0
1	1.0
1	0.999836802482605
1	1.0
1	1.0
1	1.0
1	1.0
1	0.9852539896965027
1	1.0
1	0.9852539896965027
1	1.0
1	1.0
1	0.9994825124740601
1	1.0
1	1.0
1	0.9502615332603455
1	1.0
1	0.9942278265953064
1	0.6615877747535706
1	1.0
1	1.0
1	1.0
1	1.0
1	1.0
1	1.0
1	1.0
1	1.0
1	0.9999808073043823
1	1.0
1	0.9966553449630737
1	0.9929990172386169
1	0.9999904036521912
1	1.0
1	0.9999197125434875
1	1.0
1	1.0
1	1.0
1	1.0
1	1.0
1	1.0
1	1.0
1	1.0
1	0.9877856373786926
1	0.9877856373786926
1	0.996832013130188
1	1.0
1	1.0
1	1.0
1	1.0
1	1.0
1	1.0
1	1.0
1	1.0
1	1.0
1	1.0
1	1.0
1	0.9999999403953552
1	1.0
1	1.0
1	1.0
1	0.9980873465538025
1	1.0
1	1.0
1	1.0
1	1.0
1	1.0
1	1.0
1	1.0
1	1.0
1	1.0
1	1.0
1	1.0
1	1.0
1	1.0
1	1.0
1	1.0
1	1.0
1	1.0
1	1.0
1	1.0
1	1.0
1	1.0
1	1.0
1	1.0
1	1.0
1	1.0
1	1.0
1	1.0
1	1.0
1	1.0
1	1.0
1	1.0
1	1.0
1	0.9680385589599609
1	1.0
1	1.0
1	1.0
1	1.0
1	1.0
1	1.0
1	1.0
1	1.0
1	1.0
1	1.0
1	1.0
1	1.0
1	1.0
1	1.0
1	1.0
1	1.0
1	1.0
1	1.0
1	1.0
1	1.0
1	1.0
1	1.0
1	0.9998266100883484
1	1.0
1	1.0
1	1.0
1	1.0
1	1.0
1	1.0
1	1.0
1	1.0
1	1.0
1	1.0
1	1.0
1	1.0
1	1.0
1	1.0
1	0.9976747035980225
1	1.0
1	1.0
1	1.0
1	1.0
1	1.0
1	1.0
1	1.0
1	1.0
1	1.0
1	1.0
1	1.0
1	1.0
1	0.9999936819076538
1	1.0
1	1.0
1	1.0
1	1.0
1	1.0
1	0.9942333698272705
1	1.0
1	0.9999998807907104
1	0.9992122650146484
1	0.999999463558197
1	1.0
1	1.0
1	1.0
1	1.0
1	1.0
1	0.9999955296516418
1	1.0
1	0.9999997615814209
1	1.0
1	1.0
1	1.0
1	1.0
1	0.9999983906745911
1	1.0
1	1.0
1	1.0
1	0.9999998807907104
1	1.0
1	0.9999579787254333
1	1.0
1	0.9999998807907104
1	1.0
1	1.0
1	1.0
1	1.0
1	1.0
1	1.0
1	1.0
1	1.0
1	1.0
1	0.9999946355819702
1	1.0
1	1.0
1	0.9999072551727295
1	1.0
1	1.0
1	1.0
1	1.0
1	1.0
1	1.0
1	1.0
1	1.0
1	0.9999999403953552
1	1.0
1	0.9958425164222717
1	1.0
1	1.0
1	1.0
1	1.0
1	1.0
1	1.0
1	1.0
1	1.0
1	0.9999467730522156
1	0.9999444484710693
1	1.0
1	1.0
1	1.0
1	0.9998883605003357
1	1.0
1	1.0
1	1.0
1	1.0
1	1.0
1	1.0
1	1.0
1	0.9999999403953552
1	0.9999962449073792
1	1.0
1	1.0
1	0.9999833703041077
1	0.9999953508377075
1	1.0
1	0.9838579893112183
1	1.0
1	0.9985175132751465
1	0.9999163150787354
1	1.0
1	1.0
1	1.0
1	1.0
1	1.0
1	0.9937761425971985
1	0.9987536668777466
1	0.9999653100967407
1	1.0
1	1.0
1	1.0
1	1.0
1	1.0
1	1.0
1	1.0
1	0.9999819993972778
1	1.0
1	0.9988439083099365
1	1.0
1	1.0
1	1.0
1	1.0
1	1.0
1	1.0
1	1.0
1	0.9724550247192383
1	0.9999918937683105
1	0.9999909996986389
1	0.9991308450698853
1	0.9933223128318787
1	0.9999998807907104
1	1.0
1	1.0
1	1.0
1	1.0
1	1.0
1	1.0
1	1.0
1	1.0
1	0.9999364614486694
1	0.9999996423721313
1	0.999996542930603
1	1.0
1	1.0
1	1.0
1	1.0
1	0.9999955296516418
1	1.0
1	1.0
1	1.0
1	0.9999955296516418
1	1.0
1	1.0
1	1.0
1	1.0
1	0.999985933303833
1	1.0
1	0.9991330504417419
1	1.0
1	1.0
1	1.0
1	0.981033980846405
1	1.0
1	1.0
1	1.0
1	0.9961445927619934
1	1.0
1	1.0
1	1.0
1	1.0
1	0.9959384202957153
1	1.0
1	1.0
1	1.0
1	0.999998927116394
1	1.0
1	1.0
1	1.0
1	1.0
1	1.0
1	0.9902780652046204
1	1.0
1	0.9994783997535706
1	1.0
1	1.0
1	1.0
1	1.0
1	1.0
1	1.0
1	1.0
1	1.0
1	1.0
1	1.0
1	1.0
1	0.9663252234458923
1	1.0
1	1.0
1	1.0
1	1.0
1	1.0
1	0.9993340969085693
1	1.0
1	1.0
1	0.9999999403953552
1	0.9997857213020325
1	0.9991115927696228
1	1.0
1	1.0
1	1.0
1	1.0
1	1.0
1	1.0
1	0.9978489875793457
1	1.0
1	1.0
1	1.0
1	1.0
1	0.9999999403953552
1	1.0
1	1.0
1	1.0
1	1.0
1	1.0
1	1.0
1	0.9999995827674866
1	1.0
1	1.0
1	0.9999969005584717
1	1.0
1	1.0
1	1.0
1	1.0
1	1.0
1	1.0
1	1.0
1	1.0
1	1.0
1	1.0
1	1.0
1	1.0
1	1.0
1	0.9999995231628418
1	1.0
1	1.0
1	1.0
1	0.9999929666519165
1	1.0
1	1.0
1	0.9999994039535522
1	1.0
1	1.0
1	1.0
1	1.0
1	1.0
1	1.0
1	1.0
1	1.0
1	1.0
1	1.0
1	1.0
1	1.0
1	1.0
1	1.0
1	1.0
1	1.0
1	1.0
1	0.9930272102355957
1	1.0
1	1.0
1	1.0
1	1.0
1	1.0
1	0.9999999403953552
1	1.0
1	1.0
1	1.0
1	0.9905262589454651
1	1.0
1	0.998860239982605
1	1.0
1	1.0
1	1.0
1	1.0
1	0.9999998807907104
1	0.9996497631072998
1	1.0
1	1.0
1	1.0
1	1.0
1	0.9991324543952942
1	1.0
1	1.0
1	1.0
1	1.0
1	0.9982604384422302
1	0.9999976754188538
1	1.0
1	0.9991094470024109
1	1.0
1	1.0
1	1.0
1	1.0
1	1.0
1	1.0
1	1.0
1	1.0
1	1.0
1	1.0
1	1.0
1	1.0
1	1.0
1	0.9999998807907104
1	1.0
1	1.0
1	1.0
1	1.0
1	0.9999520182609558
1	0.9999898672103882
1	1.0
1	1.0
1	1.0
1	1.0
1	1.0
1	0.9999895691871643
1	1.0
1	1.0
1	1.0
1	1.0
1	1.0
1	1.0
1	1.0
1	1.0
1	1.0
1	0.9999999403953552
1	1.0
1	1.0
1	1.0
1	1.0
1	1.0
1	0.9999918341636658
1	1.0
1	1.0
1	0.9999999403953552
1	1.0
1	0.9999998807907104
1	1.0
1	1.0
1	1.0
1	1.0
1	1.0
1	0.9999997615814209
1	0.9999999403953552
1	1.0
1	1.0
1	1.0
1	1.0
1	0.9998231530189514
1	1.0
1	1.0
1	1.0
1	1.0
1	1.0
1	0.9949362277984619
1	0.9999987483024597
1	1.0
1	1.0
1	0.9999960064888
1	1.0
1	0.9999974966049194
1	1.0
1	0.9999199509620667
1	1.0
1	1.0
1	0.9990290403366089
1	1.0
1	0.9999834895133972
1	0.9952758550643921
1	1.0
1	1.0
1	1.0
1	1.0
1	1.0
1	1.0
1	1.0
1	0.9992522597312927
1	0.9948249459266663
1	1.0
1	1.0
1	1.0
1	1.0
1	1.0
1	1.0
1	1.0
1	1.0
1	0.9996850490570068
1	0.9868728518486023
1	1.0
1	1.0
1	1.0
1	1.0
1	1.0
1	0.9999998807907104
1	1.0
1	1.0
1	1.0
1	0.9959202408790588
1	1.0
1	1.0
1	1.0
1	0.995583176612854
1	1.0
1	1.0
1	0.9995787739753723
1	1.0
1	1.0
1	1.0
1	1.0
1	0.9999987483024597
1	1.0
1	0.9998236894607544
1	1.0
1	1.0
1	1.0
1	1.0
1	1.0
1	1.0
1	1.0
1	1.0
1	0.9999992251396179
1	0.9992241859436035
1	1.0
1	1.0
1	1.0
1	1.0
1	1.0
1	0.995262861251831
1	1.0
1	1.0
1	1.0
1	0.9999998807907104
1	0.9977672100067139
1	1.0
1	1.0
1	1.0
1	1.0
1	1.0
1	1.0
1	0.9999963045120239
1	1.0
1	1.0
1	1.0
1	1.0
1	1.0
1	1.0
1	1.0
1	1.0
1	1.0
1	1.0
1	0.9998400211334229
1	1.0
1	1.0
1	1.0
1	1.0
1	1.0
1	1.0
1	1.0
1	1.0
1	0.9999991655349731
1	0.9999999403953552
1	1.0
1	0.9999926686286926
1	1.0
1	1.0
1	1.0
1	0.9999999403953552
1	0.9995630383491516
1	1.0
1	1.0
1	1.0
1	1.0
1	1.0
1	1.0
1	0.9999868869781494
1	1.0
1	0.9958269596099854
1	1.0
1	0.9980936050415039
1	1.0
1	1.0
1	1.0
1	1.0
1	1.0
1	1.0
1	1.0
1	1.0
1	1.0
1	1.0
1	0.9994494318962097
1	1.0
1	1.0
1	0.9996548295021057
1	1.0
1	1.0
1	1.0
1	1.0
1	1.0
1	0.9999987483024597
1	0.9992491006851196
1	1.0
1	1.0
1	1.0
1	1.0
1	1.0
1	0.9999995231628418
1	1.0
1	1.0
1	1.0
1	0.9949387311935425
1	1.0
1	0.9990729093551636
1	1.0
1	0.9999983906745911
1	1.0
1	1.0
1	1.0
1	1.0
1	1.0
1	1.0
1	1.0
1	1.0
1	1.0
1	1.0
1	1.0
1	1.0
1	1.0
1	1.0
1	1.0
1	1.0
1	1.0
1	0.9999985098838806
1	0.9995884299278259
1	0.9962241649627686
1	1.0
1	1.0
1	1.0
1	0.9999790191650391
1	1.0
1	1.0
1	1.0
1	1.0
1	0.9999988675117493
1	0.9977036118507385
1	1.0
1	1.0
1	1.0
1	1.0
1	0.9930382370948792
1	1.0
1	1.0
1	1.0
1	1.0
1	0.9988930225372314
1	0.9999651312828064
1	1.0
1	1.0
1	1.0
1	1.0
1	1.0
1	1.0
1	1.0
1	1.0
1	1.0
1	1.0
1	0.9999996423721313
1	1.0
1	1.0
1	1.0
1	1.0
1	1.0
1	1.0
1	1.0
1	1.0
1	1.0
1	1.0
1	1.0
1	1.0
1	1.0
1	1.0
1	1.0
1	1.0
1	1.0
1	1.0
1	1.0
1	1.0
1	1.0
1	1.0
1	1.0
1	0.9999508857727051
1	1.0
1	0.9963127970695496
1	1.0
1	0.9941827654838562
1	1.0
1	1.0
1	1.0
1	1.0
1	0.9993677735328674
1	0.9999935626983643
1	0.999983012676239
1	1.0
1	1.0
1	0.9950785040855408
1	1.0
1	1.0
1	1.0
1	1.0
1	1.0
1	1.0
1	1.0
1	1.0
1	1.0
1	0.9999995231628418
1	1.0
1	0.9998002648353577
1	1.0
1	0.9999962449073792
1	1.0
1	1.0
1	1.0
1	1.0
1	1.0
1	1.0
1	0.9999987483024597
1	0.9999999403953552
1	0.9999881982803345
1	1.0
1	1.0
1	1.0
1	1.0
1	0.994735062122345
1	1.0
1	1.0
1	1.0
1	1.0
1	1.0
1	1.0
1	1.0
1	1.0
1	1.0
1	1.0
1	0.9989204406738281
1	0.9995798468589783
1	1.0
1	1.0
1	1.0
1	1.0
1	1.0
1	1.0
1	1.0
1	0.9999969005584717
1	1.0
1	1.0
1	1.0
1	1.0
1	1.0
1	1.0
1	1.0
1	1.0
1	1.0
1	1.0
1	1.0
1	1.0
1	1.0
1	1.0
1	1.0
1	1.0
1	1.0
1	1.0
1	1.0
1	1.0
1	1.0
1	1.0
1	1.0
1	1.0
1	0.9999911785125732
1	1.0
1	1.0
1	1.0
1	1.0
1	1.0
1	1.0
1	1.0
1	1.0
1	1.0
1	1.0
1	1.0
1	1.0
1	1.0
1	1.0
1	1.0
1	1.0
1	1.0
1	1.0
1	1.0
1	1.0
1	1.0
1	1.0
1	1.0
1	1.0
1	0.9977144002914429
1	1.0
1	1.0
1	1.0
1	1.0
1	1.0
1	1.0
1	1.0
1	1.0
1	1.0
1	0.9763044714927673
1	1.0
1	1.0
1	1.0
1	1.0
1	0.999721109867096
1	1.0
1	0.9998824000358582
1	0.9999999403953552
1	1.0
1	0.9997924566268921
1	1.0
1	1.0
1	1.0
1	1.0
1	0.9999688863754272
1	1.0
1	1.0
1	1.0
1	1.0
1	1.0
1	1.0
1	0.9988723397254944
1	0.9999886751174927
1	1.0
1	1.0
1	1.0
1	1.0
1	1.0
1	1.0
1	1.0
1	0.9974348545074463
1	0.9984895586967468
1	1.0
1	1.0
1	1.0
1	1.0
1	1.0
1	0.9975540041923523
1	1.0
1	1.0
1	1.0
1	0.9999971985816956
1	0.9974348545074463
1	1.0
1	0.9999992251396179
1	0.9964895844459534
1	1.0
1	0.9999989867210388
1	0.9946617484092712
1	0.9596657752990723
1	0.9999992251396179
1	1.0
1	1.0
1	0.9999011158943176
1	1.0
1	1.0
1	1.0
1	1.0
1	1.0
1	1.0
1	1.0
1	1.0
1	1.0
1	0.99973064661026
1	1.0
1	0.9999657869338989
1	1.0
1	0.9997218251228333
1	0.9922751188278198
1	0.9999994039535522
1	1.0
1	1.0
1	0.9993316531181335
1	1.0
1	1.0
1	0.9888085126876831
1	1.0
1	1.0
1	1.0
1	1.0
1	0.9999954104423523
1	0.9999988675117493
1	0.9999716281890869
1	1.0
1	1.0
1	0.9999994039535522
1	1.0
1	1.0
1	1.0
1	1.0
1	0.9975939393043518
1	1.0
1	1.0
1	0.9999072551727295
1	1.0
1	1.0
1	1.0
1	0.9999826550483704
1	1.0
1	1.0
1	1.0
1	1.0
1	1.0
1	0.9999992251396179
1	1.0
1	1.0
1	1.0
1	1.0
1	0.9976271986961365
1	0.9399084448814392
1	1.0
1	0.9349994659423828
1	1.0
1	1.0
1	0.9074384570121765
1	1.0
1	0.9297608137130737
1	0.9999999403953552
1	0.9359623193740845
1	0.9999187588691711
1	1.0
1	0.9255552291870117
1	1.0
1	0.9209161400794983
1	1.0
1	1.0
1	0.9582354426383972
1	1.0
1	0.9286094903945923
1	1.0
1	0.9999985098838806
1	0.9219363927841187
1	0.9991151690483093
1	0.9122450351715088
1	1.0
1	1.0
1	1.0
1	0.9406099319458008
1	1.0
1	0.9172993302345276
1	1.0
1	1.0
1	0.8983355760574341
1	1.0
1	0.911980926990509
1	1.0
1	0.9486110806465149
1	0.9999998807907104
1	1.0
1	0.9375641345977783
1	0.9999899864196777
1	0.991411030292511
1	0.9999778866767883
1	0.9993417859077454
1	0.9999917149543762
1	0.9093227386474609
1	1.0
1	0.9073069095611572
1	0.9999961256980896
1	0.9557441473007202
1	1.0
1	1.0
1	1.0
1	1.0
1	0.9992296695709229
1	1.0
1	0.9999999403953552
1	1.0
1	1.0
1	0.999675989151001
1	1.0
1	1.0
1	1.0
1	1.0
1	1.0
1	0.9980303049087524
1	0.9998912215232849
1	0.9999999403953552
1	0.9920123219490051
1	1.0
1	1.0
1	1.0
1	1.0
1	1.0
1	1.0
1	1.0
1	0.9999998807907104
1	1.0
1	1.0
1	1.0
1	1.0
1	1.0
1	1.0
1	1.0
1	1.0
1	1.0
1	0.997856080532074
1	0.9999989867210388
1	1.0
1	1.0
1	1.0
1	1.0
1	1.0
1	1.0
1	1.0
1	1.0
1	1.0
1	1.0
1	1.0
1	1.0
1	0.9971592426300049
1	1.0
1	1.0
1	1.0
1	1.0
1	1.0
1	1.0
1	1.0
1	1.0
1	0.9986959099769592
1	1.0
1	1.0
1	1.0
1	1.0
1	1.0
1	0.999968945980072
1	1.0
1	1.0
1	1.0
1	1.0
1	0.9998952150344849
1	1.0
1	1.0
1	1.0
1	1.0
1	1.0
1	0.9998657703399658
1	1.0
1	1.0
1	1.0
1	1.0
1	1.0
1	1.0
1	1.0
1	1.0
1	1.0
1	1.0
1	1.0
1	1.0
1	1.0
1	1.0
1	1.0
1	0.9972578883171082
1	1.0
1	1.0
1	1.0
1	1.0
1	1.0
1	1.0
1	1.0
1	1.0
1	1.0
1	1.0
1	1.0
1	0.9998660683631897
1	1.0
1	1.0
1	1.0
1	1.0
1	1.0
1	1.0
1	1.0
1	1.0
1	1.0
1	1.0
1	1.0
1	0.9999974966049194
1	1.0
1	1.0
1	0.986039400100708
1	1.0
1	1.0
1	1.0
1	1.0
1	1.0
1	1.0
1	0.9999104738235474
1	0.9742000699043274
1	1.0
1	1.0
1	1.0
1	1.0
1	1.0
1	1.0
1	1.0
1	1.0
1	1.0
1	0.9987913370132446
1	1.0
1	1.0
1	1.0
1	1.0
1	1.0
1	1.0
1	0.996808648109436
1	0.9499385952949524
1	0.9499385952949524
1	0.9995754957199097
1	0.9995980262756348
1	1.0
1	0.9967221617698669
1	0.9999992251396179
1	1.0
1	0.9958781003952026
1	0.9999987483024597
1	0.994795024394989
1	1.0
1	1.0
1	1.0
1	0.9999998211860657
1	1.0
1	1.0
1	1.0
1	0.9990862011909485
1	1.0
1	1.0
1	1.0
1	1.0
1	0.999994695186615
1	1.0
1	0.9999974966049194
1	1.0
1	1.0
1	0.9999433159828186
1	0.9998173117637634
1	1.0
1	1.0
1	0.9989947080612183
1	1.0
1	0.9999987483024597
1	0.9997782111167908
1	0.9997291564941406
1	0.999907374382019
1	0.9999564290046692
1	1.0
1	0.9961812496185303
1	0.9992817640304565
1	0.9999999403953552
1	1.0
1	0.999141275882721
1	0.9999086260795593
1	0.9979946613311768
1	0.9999412894248962
1	1.0
1	0.9999540448188782
1	0.9988365769386292
1	0.9982590675354004
1	1.0
1	1.0
1	0.9999910593032837
1	0.9999998807907104
1	0.9999741315841675
1	1.0
1	0.9999490976333618
1	0.9999906420707703
1	0.9999954700469971
1	0.9999990463256836
1	0.9949477314949036
1	0.9993777275085449
1	1.0
1	1.0
1	1.0
1	0.9999712705612183
1	1.0
1	0.9999881982803345
1	0.9950775504112244
1	0.9999387264251709
1	0.9999614357948303
1	0.9998002648353577
1	0.9999306201934814
1	0.9998929500579834
1	1.0
1	0.9993650317192078
1	0.9999927282333374
1	0.9986843466758728
1	1.0
1	0.9999274015426636
1	0.9998785853385925
1	0.9994293451309204
1	1.0
1	0.999748170375824
1	0.9999912977218628
1	0.9999757409095764
1	0.9984833598136902
1	0.9965528249740601
1	0.999988853931427
1	0.9999851584434509
1	0.9999994039535522
1	0.9999640583992004
1	0.9999998807907104
1	1.0
1	0.9998577237129211
1	0.9998130202293396
1	1.0
1	0.9989017248153687
1	0.9999985098838806
1	0.9996533393859863
1	0.9970905780792236
1	0.9999996423721313
1	1.0
1	1.0
1	0.999980628490448
1	0.9980368614196777
1	0.9999630451202393
1	0.9999916553497314
1	0.9999991059303284
1	0.9999976754188538
1	1.0
1	0.9991714954376221
1	1.0
1	0.9990772604942322
1	0.9997241497039795
1	0.9992894530296326
1	0.9956434965133667
1	0.9999889135360718
1	0.9999999403953552
1	1.0
1	0.9990177154541016
1	1.0
1	0.9993520975112915
1	0.9997856020927429
1	0.998928964138031
1	0.999914824962616
1	0.9999984502792358
1	1.0
1	1.0
1	1.0
1	0.9999256730079651
1	0.9999997615814209
1	0.9993704557418823
1	0.9886079430580139
1	0.999952495098114
1	0.996762752532959
1	0.9999926686286926
1	0.9999800324440002
1	0.9999955296516418
1	1.0
1	0.9975906014442444
1	0.9963018298149109
1	1.0
1	0.9997361302375793
1	0.9988354444503784
1	0.9999750852584839
1	1.0
1	0.9999998807907104
1	0.9997771978378296
1	0.997456431388855
1	0.9956451058387756
1	1.0
1	0.9998073577880859
1	0.999710738658905
1	0.9999964833259583
1	0.9984756112098694
1	0.9999998211860657
1	1.0
1	0.9999790787696838
1	0.9999999403953552
1	0.9998943209648132
1	0.9999970197677612
1	1.0
1	0.999957263469696
1	1.0
1	1.0
1	1.0
1	0.9973852038383484
1	0.9998779296875
1	0.9998215436935425
1	0.9973132014274597
1	0.9996283650398254
1	0.9999932050704956
1	1.0
1	1.0
1	0.9997702240943909
1	0.9965935349464417
1	1.0
1	0.9999996423721313
1	0.9993221759796143
1	0.9998925924301147
1	0.9999998807907104
1	0.9995136260986328
1	0.9999998211860657
1	1.0
1	1.0
1	1.0
1	1.0
1	0.9999019503593445
1	1.0
1	1.0
1	0.9834704399108887
1	0.9897607564926147
1	0.9999971389770508
1	0.9999998807907104
1	0.9999333620071411
1	1.0
1	1.0
1	0.9997579455375671
1	0.9999979138374329
1	0.9989286065101624
1	0.9953049421310425
1	0.9999998211860657
1	0.9999858140945435
1	0.9999997615814209
1	0.9999997615814209
1	0.9981444478034973
1	1.0
1	1.0
1	0.9984351992607117
1	0.9999996423721313
1	0.9999943375587463
1	1.0
1	1.0
1	1.0
1	0.9999983906745911
1	1.0
1	0.9999281764030457
1	1.0
1	0.9999792575836182
1	0.9998319149017334
1	0.9999611973762512
1	0.999996542930603
1	0.9999948740005493
1	0.9999978542327881
1	0.9997480511665344
1	1.0
1	0.9999496340751648
1	0.9991978406906128
1	1.0
1	0.9963527917861938
1	0.997493326663971
1	1.0
1	0.9997996091842651
1	0.999783456325531
1	1.0
1	0.9999485611915588
1	1.0
1	1.0
1	0.9999944567680359
1	1.0
1	0.9999997019767761
1	0.9994006156921387
1	0.9993840456008911
1	0.999968409538269
1	0.9997231960296631
1	0.9999940395355225
1	0.9990304708480835
1	1.0
1	0.9999674558639526
1	1.0
1	1.0
1	0.9999966621398926
1	0.9999919533729553
1	0.9999999403953552
1	0.9999999403953552
1	0.9999977350234985
1	0.9986107349395752
1	0.9999298453330994
1	1.0
1	0.9999558329582214
1	0.9999489188194275
1	1.0
1	1.0
1	0.9999204874038696
1	1.0
1	0.9999992251396179
1	1.0
1	0.9999997615814209
1	1.0
1	0.9995225667953491
1	0.9999307990074158
1	0.9980788230895996
1	1.0
1	0.9979157447814941
1	1.0
1	0.9999961256980896
1	1.0
1	0.9999996423721313
1	1.0
1	0.9997873306274414
1	0.9984145760536194
1	0.999914288520813
1	0.9999996423721313
1	0.9999999403953552
1	1.0
1	0.9999987483024597
1	0.9993907809257507
1	0.9999446868896484
1	0.9999147057533264
1	0.9999998807907104
1	1.0
1	1.0
1	0.9999986290931702
1	0.9999954104423523
1	0.9999999403953552
1	1.0
1	0.9990788698196411
1	0.9998883605003357
1	0.9999986290931702
1	1.0
1	0.9999992251396179
1	0.9999995231628418
1	0.9967273473739624
1	0.9999983310699463
1	1.0
1	0.9996986389160156
1	1.0
1	0.9999305009841919
1	0.999996542930603
1	0.9999998807907104
1	0.9999749064445496
1	1.0
1	0.9999996423721313
1	0.9999321103096008
1	0.9999999403953552
1	1.0
1	0.9999780654907227
1	1.0
1	0.997065007686615
1	1.0
1	0.9988887906074524
1	0.9999959468841553
1	1.0
1	1.0
1	0.9999143481254578
1	0.9999995231628418
1	0.9991030097007751
1	1.0
1	0.9981610178947449
1	0.996542751789093
1	1.0
1	0.9994186758995056
1	0.9999813437461853
1	0.9990890622138977
1	0.9999877214431763
1	1.0
1	1.0
1	0.9999996423721313
1	1.0
1	1.0
1	0.9999987483024597
1	0.9990655779838562
1	1.0
1	0.9999807476997375
1	0.9999985694885254
1	0.9999987483024597
1	0.9998812675476074
1	1.0
1	1.0
1	1.0
1	0.9999999403953552
1	0.9997718930244446
1	0.999999463558197
1	1.0
1	0.9986869096755981
1	1.0
1	1.0
1	0.9999925494194031
1	1.0
1	0.9999989867210388
1	1.0
1	1.0
1	0.9997548460960388
1	1.0
1	1.0
1	0.9942901730537415
1	0.9998156428337097
1	0.9993027448654175
1	0.9999974966049194
1	0.9988451600074768
1	1.0
1	1.0
1	0.999997615814209
1	0.9999999403953552
1	0.9997287392616272
1	0.9999980330467224
1	1.0
1	0.9987159371376038
1	1.0
1	0.9999988675117493
1	0.9999988675117493
1	0.9938598275184631
1	1.0
1	0.9653599858283997
1	0.999603807926178
1	0.9958714842796326
1	0.9999920725822449
1	1.0
1	0.999990701675415
1	0.9999933838844299
1	1.0
1	0.9999914169311523
1	0.9999825954437256
1	0.9999823570251465
1	1.0
1	0.9999932050704956
1	0.9997127652168274
1	1.0
1	1.0
1	0.999998152256012
1	0.9996258616447449
1	0.9999997615814209
1	0.999994158744812
1	0.9999998211860657
1	0.9999994039535522
1	0.9993937015533447
1	1.0
1	1.0
1	1.0
1	0.99995356798172
1	0.9999998807907104
1	0.9986270070075989
1	1.0
1	0.9996562600135803
1	0.9984440207481384
1	0.9999933838844299
1	0.9975794553756714
1	0.9937573075294495
1	0.9999807476997375
1	1.0
1	1.0
1	0.999984085559845
1	1.0
1	0.9999994039535522
1	0.9990808963775635
1	0.9995518922805786
1	0.9958508014678955
1	1.0
1	0.9999646544456482
1	0.9932729601860046
1	1.0
1	0.9999998211860657
1	1.0
1	0.9999864101409912
1	1.0
1	1.0
1	0.9999997019767761
1	0.9999986886978149
1	0.9999999403953552
1	1.0
1	0.9999997615814209
1	0.9970124959945679
1	0.9999998807907104
1	1.0
1	0.9999781250953674
1	1.0
1	0.9999998807907104
1	0.999773383140564
1	1.0
1	0.9999998807907104
1	1.0
1	0.9999999403953552
1	0.9999988079071045
1	1.0
1	1.0
1	1.0
1	0.9987474679946899
1	1.0
1	1.0
1	1.0
1	1.0
1	1.0
1	0.9999988675117493
1	1.0
1	0.9999998211860657
1	0.9973621368408203
1	0.9999971389770508
1	0.9995831251144409
1	1.0
1	0.9999997615814209
1	1.0
1	1.0
1	1.0
1	1.0
1	0.9993554353713989
1	1.0
1	1.0
1	1.0
1	1.0
1	0.9999987483024597
1	1.0
1	1.0
1	0.9999998807907104
1	0.9999998211860657
1	0.9999901652336121
1	0.9999960064888
1	1.0
1	0.9999996423721313
1	1.0
1	0.9999998807907104
1	0.9999998807907104
1	0.9999999403953552
1	0.9999982714653015
1	0.9999942779541016
1	1.0
1	0.9998877644538879
1	0.9974411129951477
1	1.0
1	1.0
1	1.0
1	1.0
1	1.0
1	0.9999995231628418
1	1.0
1	1.0
1	0.9999671578407288
1	0.9789935946464539
1	1.0
1	1.0
1	1.0
1	0.9999341368675232
1	1.0
1	1.0
1	1.0
1	0.9999998211860657
1	1.0
1	1.0
1	0.9999998807907104
1	1.0
1	1.0
1	1.0
1	1.0
1	1.0
1	1.0
1	0.9999973773956299
1	1.0
1	0.9977595806121826
1	0.9999991059303284
1	1.0
1	1.0
1	0.9989331960678101
1	1.0
1	0.9959079027175903
1	1.0
1	1.0
1	0.9993494749069214
1	0.9999917149543762
1	1.0
1	0.9971504807472229
1	1.0
1	1.0
1	1.0
1	1.0
1	0.9999985098838806
1	0.9995776414871216
1	1.0
1	0.9999220371246338
1	0.9999251961708069
1	1.0
1	0.999997615814209
1	0.9999999403953552
1	1.0
1	0.9999836087226868
1	0.9999878406524658
1	0.9962092041969299
1	1.0
1	0.9994497895240784
1	1.0
1	1.0
1	0.9999997615814209
1	1.0
1	1.0
1	0.9999999403953552
1	0.9952927231788635
1	0.9999994039535522
1	0.9999999403953552
1	1.0
1	0.999957263469696
1	1.0
1	1.0
1	0.998629629611969
1	0.9999978542327881
1	0.9998440146446228
1	1.0
1	0.999991774559021
1	1.0
1	0.999675452709198
1	1.0
1	0.9999999403953552
1	1.0
1	1.0
1	1.0
1	0.9999997019767761
1	1.0
1	0.9999943971633911
1	1.0
1	0.999971866607666
1	0.9999951720237732
1	0.9999999403953552
1	0.9999997615814209
1	1.0
1	0.9999999403953552
1	0.9999988675117493
1	1.0
1	0.9868112802505493
1	0.9962403774261475
1	1.0
1	1.0
1	1.0
1	0.9999971389770508
1	1.0
1	0.9999982118606567
1	1.0
1	0.9994593858718872
1	1.0
1	1.0
1	0.9999987483024597
1	1.0
1	0.9999998807907104
1	1.0
1	0.9999998807907104
1	1.0
1	0.9996907711029053
1	1.0
1	0.9999890327453613
1	1.0
1	1.0
1	1.0
1	0.9999911189079285
1	0.9999982714653015
1	1.0
1	1.0
1	1.0
1	0.9999969005584717
1	1.0
1	0.9999167323112488
1	1.0
1	1.0
1	1.0
1	0.9999989867210388
1	1.0
1	1.0
1	1.0
1	1.0
1	1.0
1	1.0
1	1.0
1	0.9999902844429016
1	1.0
1	1.0
1	0.9999998211860657
1	1.0
1	0.9999996423721313
1	0.9999962449073792
1	1.0
1	0.9999999403953552
1	0.9999729990959167
1	0.9887268543243408
1	1.0
1	0.9999353885650635
1	0.9996300339698792
1	1.0
1	0.9996719360351562
1	0.999995768070221
1	1.0
1	0.9999871850013733
1	1.0
1	0.9999998807907104
1	0.9999942779541016
1	0.9999999403953552
1	0.9998094439506531
1	1.0
1	1.0
1	0.9999926686286926
1	1.0
1	0.9999030232429504
1	0.9998294711112976
1	1.0
1	1.0
1	1.0
1	1.0
1	1.0
1	0.9999960660934448
1	1.0
1	0.9999999403953552
1	1.0
1	0.9999434947967529
1	0.9999706745147705
1	1.0
1	0.9999294281005859
1	1.0
1	0.9999995231628418
1	1.0
1	1.0
1	0.9999735355377197
1	1.0
1	0.9999118447303772
1	1.0
1	0.9998589158058167
1	0.9997416734695435
1	0.9999720454216003
1	1.0
1	0.9985774159431458
1	1.0
1	1.0
1	0.999998152256012
1	0.998338520526886
1	0.9999862313270569
1	0.9999729990959167
1	0.9999938011169434
1	0.9999979138374329
1	0.9999988079071045
1	0.9999996423721313
1	1.0
1	1.0
1	1.0
1	1.0
1	1.0
1	0.9999255537986755
1	0.9999609589576721
1	0.999974250793457
1	0.9999998807907104
1	1.0
1	1.0
1	0.9999698996543884
1	1.0
1	1.0
1	1.0
1	1.0
1	1.0
1	1.0
1	1.0
1	0.9999994039535522
1	0.9999997615814209
1	1.0
1	0.9999999403953552
1	0.9999997615814209
1	0.9997453689575195
1	1.0
1	0.9999970197677612
1	1.0
1	1.0
1	1.0
1	0.9999922513961792
1	1.0
1	0.9998024702072144
1	1.0
1	0.9999996423721313
1	0.9999997615814209
1	1.0
1	0.9999902248382568
1	0.9996152520179749
1	0.999988317489624
1	1.0
1	1.0
1	1.0
1	1.0
1	1.0
1	0.999993085861206
1	0.9999754428863525
1	0.9913442730903625
1	0.9999998807907104
1	0.9999831914901733
1	0.9999999403953552
1	0.9999001622200012
1	0.9999982714653015
1	0.9999982714653015
1	1.0
1	1.0
1	1.0
1	0.9999414682388306
1	1.0
1	0.999998152256012
1	0.9999989867210388
1	0.9998375773429871
1	0.9999961256980896
1	0.999998152256012
1	1.0
1	1.0
1	0.9991635680198669
1	1.0
1	0.9999812245368958
1	1.0
1	1.0
1	1.0
1	0.9993354082107544
1	1.0
1	0.9999643564224243
1	0.9999944567680359
1	1.0
1	0.9999027848243713
1	0.9999906420707703
1	1.0
1	0.9999088048934937
1	0.9998373985290527
1	0.9994153380393982
1	1.0
1	0.9999999403953552
1	1.0
1	1.0
1	0.9999995231628418
1	1.0
1	0.9997894167900085
1	1.0
1	1.0
1	0.9999874830245972
1	0.9997469186782837
1	1.0
1	0.9997703433036804
1	1.0
1	0.9999995231628418
1	1.0
1	1.0
1	0.9987629055976868
1	0.9991211295127869
1	0.9999992251396179
1	1.0
1	0.9961205720901489
1	0.9999960660934448
1	1.0
1	0.9999980330467224
1	0.9999917149543762
1	1.0
1	0.9999117255210876
1	1.0
1	0.9967854619026184
1	1.0
1	0.9999523758888245
1	1.0
1	0.9998788237571716
1	1.0
1	0.9999909996986389
1	1.0
1	0.9999966025352478
1	1.0
1	0.9996502995491028
1	1.0
1	0.9999794960021973
1	1.0
1	1.0
1	1.0
1	0.9947469830513
1	0.9999999403953552
1	0.9989241361618042
1	1.0
1	0.9999964833259583
1	1.0
1	0.9999991655349731
0	0.9196534156799316
0	0.262847900390625
0	0.3501018285751343
0	0.5801898241043091
0	0.25666558742523193
0	0.7188077569007874
0	0.28181132674217224
0	0.4033622741699219
0	0.19805435836315155
0	0.224798783659935
0	0.5913887619972229
0	0.2453303337097168
0	0.3641049563884735
0	0.9570319056510925
0	0.3363432288169861
0	0.3665606677532196
0	0.4377647936344147
0	0.43911781907081604
0	0.37265363335609436
0	0.4825076460838318
0	0.44268620014190674
0	0.43286755681037903
0	0.2618177831172943
0	0.4103274941444397
0	0.3514486849308014
0	0.23898570239543915
0	0.4506840407848358
0	0.3614712059497833
0	0.3084826171398163
0	0.3063967227935791
0	0.29074862599372864
0	0.3868480920791626
0	0.30853211879730225
0	0.25825127959251404
0	0.32423627376556396
0	0.4345218539237976
0	0.2986636161804199
0	0.6761317849159241
0	0.3646494150161743
0	0.4704861342906952
0	0.3255375325679779
0	0.34390929341316223
0	0.39077872037887573
0	0.36811184883117676
0	0.5820329785346985
0	0.4274052083492279
0	0.5930134057998657
0	0.2306831330060959
0	0.34241583943367004
0	0.32763397693634033
0	0.37404370307922363
0	0.3368675708770752
0	0.5524353981018066
0	0.2916686236858368
0	0.5013001561164856
0	0.3050375282764435
0	0.9464808702468872
0	0.7052526473999023
0	0.25874003767967224
0	0.30068591237068176
0	0.48521873354911804
0	0.6198479533195496
0	0.6339409947395325
0	0.41559430956840515
0	0.40619468688964844
0	0.7429365515708923
0	0.3218939006328583
0	0.29093819856643677
0	0.49865755438804626
0	0.32696887850761414
0	0.9448028206825256
0	0.8771050572395325
0	0.30896076560020447
0	0.4243158996105194
0	0.5680755972862244
0	0.42935413122177124
0	0.38060951232910156
0	0.9666831493377686
0	0.5496877431869507
0	0.5628615617752075
0	0.3640085458755493
0	0.7668283581733704
0	0.4643057584762573
0	0.3190104365348816
0	0.35584378242492676
0	0.4943732023239136
0	0.43870753049850464
0	0.3011091649532318
0	0.29425930976867676
0	0.38565677404403687
0	0.36027371883392334
0	0.2408267706632614
0	0.300321489572525
0	0.3288477957248688
0	0.3899189829826355
0	0.42925137281417847
0	0.44229766726493835
0	0.6249743700027466
0	0.5577723979949951
0	0.4086175262928009
0	0.6034111976623535
0	0.3157610297203064
0	0.3202947974205017
0	0.8000949621200562
0	0.4199819564819336
0	0.3747577369213104
0	0.32574960589408875
0	0.6304053068161011
0	0.2394513338804245
0	0.2838587760925293
0	0.349952757358551
0	0.5289995670318604
0	0.3300713300704956
0	0.3854711651802063
0	0.34030213952064514
0	0.4222643971443176
0	0.5019006133079529
0	0.43994227051734924
0	0.35376784205436707
0	0.7374384999275208
0	0.3685462474822998
0	0.2506881356239319
0	0.2725079357624054
0	0.36254921555519104
0	0.44951751828193665
0	0.3272698223590851
0	0.2872353792190552
0	0.35199254751205444
0	0.2942744791507721
0	0.3105180859565735
0	0.32756662368774414
0	0.3506097197532654
0	0.28833913803100586
0	0.35341784358024597
0	0.4331393539905548
0	0.2959151566028595
0	0.3878566026687622
0	0.31270161271095276
0	0.2835073173046112
0	0.4263661801815033
0	0.27948811650276184
0	0.39056819677352905
0	0.5147374868392944
0	0.3261649012565613
0	0.6767634153366089
0	0.7776588797569275
0	0.3062867820262909
0	0.26699385046958923
0	0.3935271203517914
0	0.9999613761901855
0	0.33343327045440674
0	0.6932769417762756
0	0.28392136096954346
0	0.4333484172821045
0	0.2373173087835312
0	0.46843382716178894
0	0.34251996874809265
0	0.4555065631866455
0	0.3526415526866913
0	0.522780179977417
0	0.34682369232177734
0	0.37700605392456055
0	0.579517126083374
0	0.3671167194843292
0	0.24567650258541107
0	0.524337887763977
0	0.4309641420841217
0	0.323525607585907
0	0.3682040572166443
0	0.2709895074367523
0	0.36249083280563354
0	0.3074086308479309
0	0.31907787919044495
0	0.9556781649589539
0	0.35247498750686646
0	0.39832183718681335
0	0.2878170311450958
0	0.2532965838909149
0	0.4547705054283142
0	0.3947630226612091
0	0.47593197226524353
0	0.3373696506023407
0	0.5241554975509644
0	0.40936723351478577
0	0.3003734350204468
0	0.984783411026001
0	0.4873158633708954
0	0.34589195251464844
0	0.29421332478523254
0	0.27388283610343933
0	0.5624175667762756
0	0.31209027767181396
0	0.9912877082824707
0	0.6014655232429504
0	0.38839957118034363
0	0.35115641355514526
0	0.2844351828098297
0	0.3264245092868805
0	0.29858818650245667
0	0.31140077114105225
0	0.3409498929977417
0	0.3565860390663147
0	0.9663073420524597
0	0.7385425567626953
0	0.4510609209537506
0	0.41706719994544983
0	0.5934315323829651
0	0.3747085630893707
0	0.2520100772380829
0	0.4861982464790344
0	0.334605872631073
0	0.315295547246933
0	0.4963887929916382
0	0.8909189701080322
0	0.3385302722454071
0	0.3025661110877991
0	0.31324195861816406
0	0.37385860085487366
0	0.46020931005477905
0	0.3004268705844879
0	0.3919263184070587
0	0.7760570645332336
0	0.9641947150230408
0	0.33856597542762756
0	0.510811984539032
0	0.3183290958404541
0	0.3406534790992737
0	0.3470875024795532
0	0.31282109022140503
0	0.2522881031036377
0	0.2947816848754883
0	0.4329916536808014
0	0.34088584780693054
0	0.46566784381866455
0	0.2993091940879822
0	0.2844737470149994
0	0.2976859509944916
0	0.5769115090370178
0	0.5353779792785645
0	0.4179036021232605
0	0.53459632396698
0	0.41081109642982483
0	0.24967381358146667
0	0.2962639331817627
0	0.33237704634666443
0	0.2550027072429657
0	0.8181151151657104
0	0.5859867334365845
0	0.6986878514289856
0	0.5758634805679321
0	0.38857531547546387
0	0.3180686831474304
0	0.32910633087158203
0	0.3452276885509491
0	0.26574087142944336
0	0.46295514702796936
0	0.2663675844669342
0	0.30881187319755554
0	0.2625514268875122
0	0.4478510320186615
0	0.419676274061203
0	0.41705387830734253
0	0.2950648367404938
0	0.4784926772117615
0	0.4138721823692322
0	0.999997615814209
0	0.6139710545539856
0	0.3694060146808624
0	0.3574640452861786
0	0.35267409682273865
0	0.34031203389167786
0	0.39121800661087036
0	0.5130361914634705
0	0.4904371500015259
0	0.23291854560375214
0	0.38364163041114807
0	0.21937987208366394
0	0.41237080097198486
0	0.811477541923523
0	0.2603200078010559
0	0.2779292166233063
0	0.5496202111244202
0	0.8691886067390442
0	0.6087713837623596
0	0.5170735716819763
0	0.5420205593109131
0	0.2716662883758545
0	0.3201463222503662
0	0.3670811653137207
0	0.3608255386352539
0	0.35016143321990967
0	0.9140511155128479
0	0.4042443633079529
0	0.44579780101776123
0	0.37540966272354126
0	0.32137513160705566
0	0.3600834310054779
0	0.5038520693778992
0	0.2942969799041748
0	0.509623646736145
0	0.5110580325126648
0	0.37477609515190125
0	0.25493547320365906
0	0.4213446378707886
0	0.35377150774002075
0	0.2859080135822296
0	0.3396463990211487
0	0.3216484487056732
0	0.5904335975646973
0	0.370253324508667
0	0.3834611475467682
0	0.389504998922348
0	0.6086241602897644
0	0.7478005886077881
0	0.3370324671268463
0	0.3624362647533417
0	0.3585590720176697
0	0.37724778056144714
0	0.28990882635116577
0	0.3669196367263794
0	0.27443569898605347
0	0.2767743170261383
0	0.30892935395240784
0	0.29794764518737793
0	0.2377168983221054
0	0.710364043712616
0	0.3148428201675415
0	0.260225772857666
0	0.36647605895996094
0	0.9781198501586914
0	0.46564722061157227
0	0.3363512456417084
0	0.3618633449077606
0	0.355960488319397
0	0.30851277709007263
0	0.37852743268013
0	0.26084089279174805
0	0.9214744567871094
0	0.37391790747642517
0	0.3396277129650116
0	0.6182473301887512
0	0.39778661727905273
0	0.3050602674484253
0	0.3152552545070648
0	0.2626184821128845
0	0.3792983889579773
0	0.3899931311607361
0	0.3137727379798889
0	0.3494488000869751
0	0.306613028049469
0	0.27718526124954224
0	0.32517871260643005
0	0.41559678316116333
0	0.23671211302280426
0	0.3460502624511719
0	0.2843337655067444
0	0.5073895454406738
0	0.3217785954475403
0	0.35165730118751526
0	0.2687830328941345
0	0.4120390713214874
0	0.26873576641082764
0	0.5887435078620911
0	0.40850630402565
0	0.2676209509372711
0	0.7559607028961182
0	0.3138420581817627
0	0.3639694154262543
0	0.4722370505332947
0	0.23606769740581512
0	0.3461800813674927
0	0.3548065721988678
0	0.32889097929000854
0	0.4697827398777008
0	0.34499406814575195
0	0.3825218677520752
0	0.3818586766719818
0	0.36604759097099304
0	0.9856698513031006
0	0.22533458471298218
0	0.6805930137634277
0	0.2902606725692749
0	0.29581785202026367
0	0.4192826747894287
0	0.25896480679512024
0	0.29510045051574707
0	0.4764617085456848
0	0.4371680021286011
0	0.45056039094924927
0	0.4650956690311432
0	0.2588534355163574
0	0.2992820739746094
0	0.48882418870925903
0	0.3082139194011688
0	0.3778947591781616
0	0.5804270505905151
0	0.27594688534736633
0	0.386704683303833
0	0.24728049337863922
0	0.2439832091331482
0	0.32989561557769775
0	0.4585457146167755
0	0.32828396558761597
0	0.6925450563430786
0	0.727831244468689
0	0.30779367685317993
0	0.3907499313354492
0	0.4153541028499603
0	0.7350120544433594
0	0.7157055735588074
0	0.48055222630500793
0	0.6652663350105286
0	0.39788955450057983
0	0.4254773259162903
0	0.3965919017791748
0	0.30581626296043396
0	0.38138309121131897
0	0.250922828912735
0	0.3132162094116211
0	0.30358290672302246
0	0.562814474105835
0	0.29837170243263245
0	0.255391389131546
0	0.21826383471488953
0	0.24858731031417847
0	0.3493797779083252
0	0.5159671306610107
0	0.29619646072387695
0	0.3918919861316681
0	0.3673434257507324
0	0.8538982272148132
0	0.31296399235725403
0	0.2733401656150818
0	0.35343998670578003
0	0.2477899044752121
0	0.31579092144966125
0	0.44692161679267883
0	0.2784765064716339
0	0.29385367035865784
0	0.26780858635902405
0	0.27230578660964966
0	0.3614310920238495
0	0.30272307991981506
0	0.3475341796875
0	0.3317127227783203
0	0.2520757019519806
0	0.9192878603935242
0	0.3288843333721161
0	0.35413968563079834
0	0.37844106554985046
0	0.9203194379806519
0	0.3323405086994171
0	0.2615467607975006
0	0.556215226650238
0	0.3080635666847229
0	0.28739285469055176
0	0.43275898694992065
0	0.27700164914131165
0	0.38191086053848267
0	0.34166356921195984
0	0.5809926390647888
0	0.4590628743171692
0	0.5229306221008301
0	0.3662416338920593
0	0.35584327578544617
0	0.43916335701942444
0	0.332055926322937
0	0.31841734051704407
0	0.31715402007102966
0	0.3121013641357422
0	0.2812733054161072
0	0.2987964153289795
0	0.4551360011100769
0	0.34132277965545654
0	0.533254861831665
0	0.39332056045532227
0	0.2920483350753784
0	0.34048783779144287
0	0.2913146913051605
0	0.38569265604019165
0	0.6696169376373291
0	0.4384624660015106
0	0.3256986439228058
0	0.4312390089035034
0	0.3522398769855499
0	0.3961736559867859
0	0.4717538356781006
0	0.47334927320480347
0	0.37364280223846436
0	0.39371123909950256
0	0.32506000995635986
0	0.42726293206214905
0	0.27309858798980713
0	0.6360300779342651
0	0.3895333707332611
0	0.3608224391937256
0	0.3121586740016937
0	0.9997813701629639
0	0.321111798286438
0	0.31736767292022705
0	0.352110892534256
0	0.3330252766609192
0	0.3795757293701172
0	0.43527892231941223
0	0.30902838706970215
0	0.3647580146789551
0	0.4777492582798004
0	0.35886579751968384
0	0.3103528320789337
0	0.3554753363132477
0	0.39835143089294434
0	0.35433000326156616
0	0.36922377347946167
0	0.3083730936050415
0	0.5009602308273315
0	0.47734153270721436
0	0.41157791018486023
0	0.2923685610294342
0	0.7775195240974426
0	0.4500596821308136
0	0.35848477482795715
0	0.3455643951892853
0	0.35520127415657043
0	0.5119747519493103
0	0.3438032269477844
0	0.2853624224662781
0	0.763588011264801
0	0.44837215542793274
0	0.2768818438053131
0	0.33863410353660583
0	0.317853718996048
0	0.49460354447364807
0	0.2643245458602905
0	0.3893826901912689
0	0.32979658246040344
0	0.2751641869544983
0	0.3218473792076111
0	0.44462594389915466
0	0.3920202851295471
0	0.30814218521118164
0	0.357062965631485
0	0.3336036503314972
0	0.33379387855529785
0	0.37927234172821045
0	0.5429671406745911
0	0.4928548336029053
0	0.34771105647087097
0	0.3325118124485016
0	0.8841212391853333
0	0.23995935916900635
0	0.3148859143257141
0	0.3344474136829376
0	0.4496261775493622
0	0.2977544069290161
0	0.4333568811416626
0	0.2954426109790802
0	0.29311928153038025
0	0.24879752099514008
0	0.24316443502902985
0	0.2623295485973358
0	0.3747728168964386
0	0.3048810660839081
0	0.2989838421344757
0	0.9119265079498291
0	0.412852019071579
0	0.31545624136924744
0	0.4790850281715393
0	0.597449541091919
0	0.33193403482437134
0	0.4129822850227356
0	0.349349707365036
0	0.27219200134277344
0	0.26292359828948975
0	0.3449084758758545
0	0.38723960518836975
0	0.2907617390155792
0	0.30578184127807617
0	0.3656569719314575
0	0.5378856658935547
0	0.39738938212394714
0	0.6864420175552368
0	0.26041674613952637
0	0.26110535860061646
0	0.24415487051010132
0	0.2348671406507492
0	0.2939872741699219
0	0.2934110760688782
0	0.2658529579639435
0	0.2721382677555084
0	0.22494763135910034
0	0.2502662241458893
0	0.24877408146858215
0	0.3448942005634308
0	0.3039990961551666
0	0.2983126640319824
0	0.8330132961273193
0	0.32508349418640137
0	0.2584785223007202
0	0.2689191699028015
0	0.23266750574111938
0	0.27346479892730713
0	0.301040381193161
0	0.28864046931266785
0	0.3527197241783142
0	0.34365713596343994
0	0.26982566714286804
0	0.28882771730422974
0	0.2536851763725281
0	0.6449052691459656
0	0.3697497844696045
0	0.34009823203086853
0	0.3176475167274475
0	0.43542441725730896
0	0.5297855138778687
0	0.6685148477554321
0	0.961649477481842
0	0.4187867045402527
0	0.6140732169151306
0	0.5838813781738281
0	0.6064052581787109
0	0.8194395899772644
0	0.2846214473247528
0	0.5059055685997009
0	0.37377220392227173
0	0.2914384603500366
0	0.40590399503707886
0	0.9210163950920105
0	0.3816501498222351
0	0.3691101372241974
0	0.35981765389442444
0	0.5368420481681824
0	0.34635382890701294
0	0.35633257031440735
0	0.31124958395957947
0	0.9999430775642395
0	0.32746076583862305
0	0.6438372731208801
0	0.2961757183074951
0	0.5547068119049072
0	0.6778256297111511
0	0.5880370736122131
0	0.36539191007614136
0	0.5142982602119446
0	0.555316150188446
0	0.5993547439575195
0	0.5571275353431702
0	0.44535720348358154
0	0.317019522190094
0	0.7416121363639832
0	0.26882821321487427
0	0.3711661696434021
0	0.4159723222255707
0	0.9308879375457764
0	0.3793121576309204
0	0.6774709820747375
0	0.5947580337524414
0	0.8013967871665955
0	0.849705159664154
0	0.3375685513019562
0	0.4461800158023834
0	0.39049404859542847
0	0.3423768877983093
0	0.32459643483161926
0	0.3941275477409363
0	0.3975277245044708
0	0.496474951505661
0	0.9240868091583252
0	0.6021571755409241
0	0.41175901889801025
0	0.3458617329597473
0	0.9999133348464966
0	0.3974892795085907
0	0.4064737558364868
0	0.3844330906867981
0	0.37769991159439087
0	0.9978615045547485
0	0.4493423104286194
0	0.6851053237915039
0	0.4021430015563965
0	0.9178536534309387
0	0.39194291830062866
0	0.3890458345413208
0	0.5070395469665527
0	0.9772801995277405
0	0.4350643754005432
0	0.6637169122695923
0	0.9818269610404968
0	0.7303865551948547
0	0.5691786408424377
0	0.44279277324676514
0	0.9914376139640808
0	0.3490183651447296
0	0.5958735942840576
0	0.4795639216899872
0	0.7343946695327759
0	0.3634427785873413
0	0.4248741567134857
0	0.5234782695770264
0	0.42987439036369324
0	0.9417257308959961
0	0.30718672275543213
0	0.8950424194335938
0	0.6290468573570251
0	0.2616243064403534
0	0.5156657099723816
0	0.30195942521095276
0	0.36377254128456116
0	0.5338220596313477
0	0.3857293128967285
0	0.8772623538970947
0	0.41748887300491333
0	0.3532522916793823
0	0.3779332637786865
0	0.4523501396179199
0	0.45794764161109924
0	0.33806735277175903
0	0.39444905519485474
0	0.48270392417907715
0	0.3863326907157898
0	0.36759456992149353
0	0.6925112009048462
0	0.3316642940044403
0	0.49457088112831116
0	0.3365940749645233
0	0.32732370495796204
0	0.40502098202705383
0	0.42248037457466125
0	0.4680711328983307
0	0.3338254988193512
0	0.4512946307659149
0	0.3626618981361389
0	0.9766833186149597
0	0.5789909362792969
0	0.4172716438770294
0	0.515513002872467
0	0.3266938328742981
0	0.9912499785423279
0	0.3738100826740265
0	0.825430154800415
0	0.7124807834625244
0	0.3822334110736847
0	0.23735105991363525
0	0.6508197784423828
0	0.4601646959781647
0	0.32600629329681396
0	0.3750341534614563
0	0.7466389536857605
0	0.36566606163978577
0	0.44903555512428284
0	0.40850022435188293
0	0.3396153151988983
0	0.9998260736465454
0	0.4316018223762512
0	0.2745685875415802
0	0.6902260184288025
0	0.3717176020145416
0	0.6443009972572327
0	0.6703162789344788
0	0.4064883589744568
0	0.4691507816314697
0	0.5201688408851624
0	0.3334163427352905
0	0.6098688244819641
0	0.5506807565689087
0	0.7607709169387817
0	0.4693780243396759
0	0.3538534343242645
0	0.6705287098884583
0	0.29955172538757324
0	0.4390469491481781
0	0.4834066927433014
0	0.625314474105835
0	0.9919945597648621
0	0.5012877583503723
0	0.37897512316703796
0	0.3916788697242737
0	0.4088050127029419
0	0.39252233505249023
0	0.48611170053482056
0	0.8327950239181519
0	0.42434948682785034
0	0.44638341665267944
0	0.6283344626426697
0	0.35191160440444946
0	0.3284735381603241
0	0.9999999403953552
0	0.8910618424415588
0	0.8243328928947449
0	0.3389976918697357
0	0.3654113709926605
0	0.5738147497177124
0	0.7919592261314392
0	0.3737793564796448
0	0.41617274284362793
0	0.8626695275306702
0	0.33702242374420166
0	0.33788061141967773
0	0.36510592699050903
0	0.4864928126335144
0	0.3631991147994995
0	0.3399085998535156
0	0.3069683611392975
0	0.5502768158912659
0	0.6011353731155396
0	0.34859898686408997
0	0.4800558090209961
0	0.343820184469223
0	0.7569509148597717
0	0.611758828163147
0	0.5207647085189819
0	0.3513072431087494
0	0.3708212673664093
0	0.2840151786804199
0	0.2925155758857727
0	0.5227164030075073
0	0.5731211304664612
0	0.8141586184501648
0	0.30419066548347473
0	0.28788241744041443
0	0.9628801941871643
0	0.42282429337501526
0	0.3131755590438843
0	0.2998032569885254
0	0.4217132031917572
0	0.41870319843292236
0	0.5478698015213013
0	0.3096766471862793
0	0.3795618712902069
0	0.2988772988319397
0	0.973359227180481
0	0.43303465843200684
0	0.4584706723690033
0	0.3058028221130371
0	0.4001554250717163
0	0.29031461477279663
0	0.367785781621933
0	0.3025168180465698
0	0.25460368394851685
0	0.3881896138191223
0	0.33354711532592773
0	0.2860952913761139
0	0.7944247722625732
0	0.3103030323982239
0	0.3592648506164551
0	0.34944525361061096
0	0.33523479104042053
0	0.9999961256980896
0	0.7467253804206848
0	0.2707785665988922
0	0.3297531306743622
0	0.39869096875190735
0	0.4639851748943329
0	0.29943761229515076
0	0.36319267749786377
0	0.4523831605911255
0	0.3531981110572815
0	0.3969617486000061
0	0.27776023745536804
0	0.4955793619155884
0	0.3205253779888153
0	0.3384888172149658
0	0.23856505751609802
0	0.9856868982315063
0	0.2630085051059723
0	0.6827646493911743
0	0.48444029688835144
0	0.36945393681526184
0	0.363839328289032
0	0.470235139131546
0	0.37694963812828064
0	0.30454668402671814
0	0.27038252353668213
0	0.4211364984512329
0	0.2609449028968811
0	0.2984501123428345
0	0.3288725018501282
0	0.3069297671318054
0	0.31596672534942627
0	0.2556990087032318
0	0.2780747711658478
0	0.27093780040740967
0	0.475167453289032
0	0.3203411400318146
0	0.9812114238739014
0	0.7129080295562744
0	0.29886260628700256
0	0.5192906260490417
0	0.3454578220844269
0	0.3432709276676178
0	0.26921749114990234
0	0.366449773311615
0	0.38216882944107056
0	0.5734306573867798
0	0.5557096600532532
0	0.9968463182449341
0	0.31809085607528687
0	0.32478421926498413
0	0.6208182573318481
0	0.29556211829185486
0	0.3283367455005646
0	0.35637450218200684
0	0.25717681646347046
0	0.24639400839805603
0	0.4406723380088806
0	0.37799695134162903
0	0.3502073287963867
0	0.8189420104026794
0	0.2981255352497101
0	0.4351676106452942
0	0.3049072027206421
0	0.268290638923645
0	0.41238775849342346
0	0.40253251791000366
0	0.6226685643196106
0	0.4336317777633667
0	0.33502885699272156
0	0.18065539002418518
0	0.376516729593277
0	0.2800289988517761
0	0.2992945909500122
0	0.4498116374015808
0	0.8464522957801819
0	0.4649242162704468
0	0.3099420666694641
0	0.2617812156677246
0	0.392968088388443
0	0.2793486416339874
0	0.33575576543807983
0	0.810170590877533
0	0.38596829771995544
0	0.5600929260253906
0	0.7540177702903748
0	0.44853922724723816
0	0.33864548802375793
0	0.998049795627594
0	0.36388278007507324
0	0.25951337814331055
0	0.31554219126701355
0	0.4159853160381317
0	0.427179217338562
0	0.3101648688316345
0	0.36910977959632874
0	0.5660660862922668
0	0.5227633714675903
0	0.300728440284729
0	0.2900514304637909
0	0.29755011200904846
0	0.2379295378923416
0	0.7474418878555298
0	0.5662023425102234
0	0.2703520953655243
0	0.3783884048461914
0	0.45636701583862305
0	0.2418404519557953
0	0.5929694771766663
0	0.3879149854183197
0	0.3466241955757141
0	0.5401191115379333
0	0.26515766978263855
0	0.2526480257511139
0	0.3023183047771454
0	0.3854038715362549
0	0.3655272424221039
0	0.4042838215827942
0	0.29859164357185364
0	0.28491947054862976
0	0.31116774678230286
0	0.4424546957015991
0	0.3066616952419281
0	0.3914506435394287
0	0.34323543310165405
0	0.290106862783432
0	0.42147576808929443
0	0.3562294542789459
0	0.5971803665161133
0	0.39234504103660583
0	0.2755664587020874
0	0.26850196719169617
0	0.33902373909950256
0	0.2728828489780426
0	0.5369366407394409
0	0.5622060298919678
0	0.8791204690933228
0	0.31368738412857056
0	0.3711150884628296
0	0.9586594104766846
0	0.3180456757545471
0	0.8317933082580566
0	0.2899242043495178
0	0.2510494887828827
0	0.319551557302475
0	0.43620216846466064
0	0.33626145124435425
0	0.33032023906707764
0	0.4629706144332886
0	0.4319266974925995
0	0.36380383372306824
0	0.3045821189880371
0	0.4002312123775482
0	0.3749026656150818
0	0.4826143682003021
0	0.31368833780288696
0	0.9918721914291382
0	0.42404651641845703
0	0.4175138771533966
0	0.41902679204940796
0	0.37599289417266846
0	0.4221201241016388
0	0.3790685832500458
0	0.3462037742137909
0	0.414114385843277
0	0.38209399580955505
0	0.3375855088233948
0	0.8732494711875916
0	0.2743261158466339
0	0.3558425009250641
0	0.4801362156867981
0	0.5212222933769226
0	0.2715931832790375
0	0.7732585072517395
0	0.27474984526634216
0	0.3046300709247589
0	0.27095288038253784
0	0.29678240418434143
0	0.4209122657775879
0	0.5151790976524353
0	0.3740372955799103
0	0.33002376556396484
0	0.3339653015136719
0	0.43010979890823364
0	0.5843772888183594
0	0.3482816815376282
0	0.4425252079963684
0	0.893626868724823
0	0.28120413422584534
0	0.20998157560825348
0	0.37120142579078674
0	0.3922479748725891
0	0.3299754559993744
0	0.4105500280857086
0	0.30112794041633606
0	0.8102281093597412
0	0.3095928430557251
0	0.5595178604125977
0	0.3161070942878723
0	0.5543246269226074
0	0.4920917749404907
0	0.32330814003944397
0	0.27763375639915466
0	0.5229870080947876
0	0.8002719879150391
0	0.2688542604446411
0	0.3099266290664673
0	0.27192220091819763
0	0.24096745252609253
0	0.3713374435901642
0	0.3815276026725769
0	0.5144465565681458
0	0.3057524263858795
0	0.3209243714809418
0	0.25446075201034546
0	0.2998761534690857
0	0.32204335927963257
0	0.29617229104042053
0	0.2841985821723938
0	0.38406485319137573
0	0.4463531970977783
0	0.5122712850570679
0	0.2779739499092102
0	0.9581912755966187
0	0.3397056460380554
0	0.2963152527809143
0	0.34804394841194153
0	0.3011433482170105
0	0.6405501961708069
0	0.30158334970474243
0	0.38600054383277893
0	0.5267150402069092
0	0.2966368794441223
0	0.30367258191108704
0	0.379156231880188
0	0.348737508058548
0	0.317921906709671
0	0.253978431224823
0	0.3820827305316925
0	0.39318469166755676
0	0.325857937335968
0	0.3256584703922272
0	0.27667081356048584
0	0.7540429830551147
0	0.5454702377319336
0	0.22700752317905426
0	0.3670201301574707
0	0.4744890034198761
0	0.29347726702690125
0	0.32043370604515076
0	0.3616960644721985
0	0.3182371258735657
0	0.2916686236858368
0	0.27447310090065
0	0.31280598044395447
0	0.3019844889640808
0	0.3615197539329529
0	0.45699042081832886
0	0.3678676187992096
0	0.28595131635665894
0	0.21041956543922424
0	0.404794842004776
0	0.7370072603225708
0	0.6308725476264954
0	0.423526793718338
0	0.3385482728481293
0	0.5523438453674316
0	0.8174514174461365
0	0.7328667640686035
0	0.4131077826023102
0	0.3965862989425659
0	0.4112433195114136
0	0.4416804015636444
0	0.32139718532562256
0	0.3824358880519867
0	0.5110636353492737
0	0.36221012473106384
0	0.23897109925746918
0	0.33862024545669556
0	0.41327208280563354
0	0.31718146800994873
0	0.3460255563259125
0	0.3628830909729004
0	0.3716975152492523
0	0.3183419108390808
0	0.39616158604621887
0	0.2805039882659912
0	0.4898093044757843
0	0.516645073890686
0	0.2766517996788025
0	0.3311443328857422
0	0.29616662859916687
0	0.24052420258522034
0	0.6021468639373779
0	0.4963792562484741
0	0.37349581718444824
0	0.37677839398384094
0	0.2941769063472748
0	0.3124946355819702
0	0.24490344524383545
0	0.30994224548339844
0	0.6077398657798767
0	0.28442296385765076
0	0.41462287306785583
0	0.2541605830192566
0	0.3964569866657257
0	0.2864895761013031
0	0.3660944104194641
0	0.3781887888908386
0	0.8799282908439636
0	0.3408929705619812
0	0.3759710490703583
0	0.44649291038513184
0	0.299635648727417
0	0.2810562551021576
0	0.31619754433631897
0	0.4439784288406372
0	0.3083999454975128
0	0.45273593068122864
0	0.3818887770175934
0	0.41746821999549866
0	0.4301427900791168
0	0.35841062664985657
0	0.39238786697387695
0	0.41904735565185547
0	0.28142398595809937
0	0.5306710004806519
0	0.3067033588886261
0	0.44850626587867737
0	0.3485319912433624
0	0.3044810891151428
0	0.287038654088974
0	0.7470828890800476
0	0.4899129867553711
0	0.48129987716674805
0	0.30569279193878174
0	0.42476996779441833
0	0.3506243824958801
0	0.28996652364730835
0	0.8710221648216248
0	0.2395997941493988
0	0.40487557649612427
0	0.30322712659835815
0	0.36458346247673035
0	0.4043363332748413
0	0.3986572027206421
0	0.3117115795612335
0	0.31112807989120483
0	0.25609904527664185
0	0.5130245089530945
0	0.48522260785102844
0	0.8434930443763733
0	0.4146036207675934
0	0.4676450192928314
0	0.7153693437576294
0	0.382737934589386
0	0.3625071942806244
0	0.3336983025074005
0	0.2817809581756592
0	0.2677471339702606
0	0.3619629740715027
0	0.2929716110229492
0	0.3236375153064728
0	0.5248359441757202
0	0.26603642106056213
0	0.2937335968017578
0	0.32268041372299194
0	0.2661423683166504
0	0.35793447494506836
0	0.34074440598487854
0	0.281848669052124
0	0.42865145206451416
0	0.4365489184856415
0	0.35438498854637146
0	0.5458617210388184
0	0.23898497223854065
0	0.3403674066066742
0	0.39770790934562683
0	0.5777167677879333
0	0.4111250936985016
0	0.3950192928314209
0	0.2762531340122223
0	0.4790455996990204
0	0.2391522079706192
0	0.3342563211917877
0	0.4128856658935547
0	0.7177138924598694
0	0.5060858726501465
0	0.3185824453830719
0	0.5789952874183655
0	0.9349570274353027
0	0.4653869867324829
0	0.46968939900398254
0	0.3213159441947937
0	0.43194374442100525
0	0.7101007699966431
0	0.2726171910762787
0	0.34125345945358276
0	0.6160801649093628
0	0.4879055321216583
0	0.398427814245224
0	0.2485794574022293
0	0.4385782480239868
0	0.2889283001422882
0	0.3460861146450043
0	0.49475017189979553
0	0.36573490500450134
0	0.8802833557128906
0	0.3445570170879364
0	0.4331032931804657
0	0.6566514372825623
0	0.6662959456443787
0	0.26743876934051514
0	0.5412233471870422
0	0.48230263590812683
0	0.501621425151825
0	0.3082786500453949
0	0.6007922887802124
0	0.35390040278434753
0	0.271327406167984
0	0.5782681107521057
0	0.4303410053253174
0	0.2852693200111389
0	0.38236474990844727
0	0.27044951915740967
0	0.485522985458374
0	0.7826928496360779
0	0.3379153907299042
0	0.3852575421333313
0	0.5094426274299622
0	0.49176955223083496
0	0.28926610946655273
0	0.42949333786964417
0	0.3508293330669403
0	0.3611967861652374
0	0.3762430250644684
0	0.30958664417266846
0	0.4083697497844696
0	0.552661657333374
0	0.29082122445106506
0	0.4729936718940735
0	0.32776370644569397
0	0.24466651678085327
0	0.5521702170372009
0	0.32827964425086975
0	0.3174949586391449
0	0.8876564502716064
0	0.31996628642082214
0	0.2245945781469345
0	0.3685702979564667
0	0.41138744354248047
0	0.36621299386024475
0	0.36066514253616333
0	0.3448159396648407
0	0.4482479393482208
0	0.34564340114593506
0	0.32410159707069397
0	0.6111524701118469
0	0.3197978734970093
0	0.2968651056289673
0	0.33935776352882385
0	0.28899839520454407
0	0.403251588344574
0	0.43593937158584595
0	0.7652747631072998
0	0.41064244508743286
0	0.5322503447532654
0	0.30927202105522156
0	0.2826458513736725
0	0.2911156415939331
0	0.2854839861392975
0	0.32520386576652527
0	0.39048564434051514
0	0.2947806119918823
0	0.4265013635158539
0	0.2793625593185425
0	0.2733639180660248
0	0.35969310998916626
0	0.27536740899086
0	0.5029594302177429
0	0.3024100065231323
0	0.9999535083770752
0	0.35433340072631836
0	0.5708377361297607
0	0.4203844964504242
0	0.306439608335495
0	0.32833364605903625
0	0.39307907223701477
0	0.6916540861129761
0	0.31039655208587646
0	0.3270280659198761
0	0.48544302582740784
0	0.3326716721057892
0	0.6952730417251587
0	0.4136984050273895
0	0.5625852942466736
0	0.2885981500148773
0	0.35805368423461914
0	0.37755122780799866
0	0.5385674834251404
0	0.7665548920631409
0	0.35579636693000793
0	0.2309836596250534
0	0.3542781174182892
0	0.3132726848125458
0	0.2723183333873749
0	0.3719591200351715
0	0.2988166809082031
0	0.31909313797950745
0	0.30165067315101624
0	0.3285236954689026
0	0.3193609118461609
0	0.756650984287262
0	0.6089310050010681
0	0.48498019576072693
0	0.7220947742462158
0	0.363615483045578
0	0.2757856249809265
0	0.7931744456291199
0	0.4740050435066223
0	0.32881706953048706
0	0.4039669632911682
0	0.5368114113807678
0	0.5441179871559143
0	0.36059147119522095
0	0.36682063341140747
0	0.35356664657592773
0	0.41561535000801086
0	0.28832969069480896
0	0.31925925612449646
0	0.2587553560733795
0	0.2842397093772888
0	0.3869669437408447
0	0.995374858379364
0	0.9968683123588562
0	0.2841648459434509
0	0.48680055141448975
0	0.3663710355758667
0	0.5637052059173584
0	0.3646712601184845
0	0.5158755779266357
0	0.3015780746936798
0	0.2900494933128357
0	0.5211842060089111
0	0.48984554409980774
0	0.3046940565109253
0	0.8683197498321533
0	0.3859887421131134
0	0.25629568099975586
0	0.3016398251056671
0	0.3522934913635254
0	0.35205256938934326
0	0.39199098944664
0	0.3615843653678894
0	0.37492576241493225
0	0.39651861786842346
0	0.5931469798088074
0	0.27270573377609253
0	0.34571436047554016
0	0.3438439667224884
0	0.4096304178237915
0	0.30011993646621704
0	0.4585828185081482
0	0.42553722858428955
0	0.4892163574695587
0	0.4233408272266388
0	0.4045763611793518
0	0.3867725133895874
0	0.31034231185913086
0	0.49587297439575195
0	0.566370964050293
0	0.6969354748725891
0	0.32167741656303406
0	0.5069797039031982
0	0.369299978017807
0	0.38460221886634827
0	0.37574252486228943
0	0.3766695559024811
0	0.30151131749153137
0	0.9586172103881836
0	0.31873565912246704
0	0.5401161313056946
0	0.5176921486854553
0	0.3564976155757904
0	0.5760740637779236
0	0.23967228829860687
0	0.40814468264579773
0	0.21606647968292236
0	0.27564695477485657
0	0.2663116455078125
0	0.4428310692310333
0	0.2675325572490692
0	0.31473642587661743
0	0.2612397372722626
0	0.982549786567688
0	0.8474571108818054
0	0.3712390065193176
0	0.43232887983322144
0	0.2899414598941803
0	0.41742774844169617
0	0.3792704939842224
0	0.672359049320221
0	0.2941819727420807
0	0.3631337583065033
0	0.29347649216651917
0	0.39038190245628357
0	0.46965092420578003
0	0.427267462015152
0	0.31641966104507446
0	0.35673266649246216
0	0.2798383831977844
0	0.3356090784072876
0	0.803592324256897
0	0.3460664749145508
0	0.4861224591732025
0	0.2834998071193695
0	0.4810478091239929
0	0.2815808951854706
0	0.28314775228500366
0	0.3164972960948944
0	0.2950088679790497
0	0.29694944620132446
0	0.2837991714477539
0	0.3568078875541687
0	0.2939542531967163
0	0.9240398406982422
0	0.388431578874588
0	0.2855954170227051
0	0.2912326157093048
0	0.3989630341529846
0	0.37139618396759033
0	0.4932696521282196
0	0.32089030742645264
0	0.439214825630188
0	0.5683914422988892
0	0.3551643490791321
0	0.3111821413040161
0	0.4764789044857025
0	0.3218533992767334
0	0.2861059010028839
0	0.7036377787590027
0	0.33387383818626404
0	0.3656652867794037
0	0.47872141003608704
0	0.6255586743354797
0	0.986120343208313
0	0.6608749032020569
0	0.5462568402290344
0	0.2542760670185089
0	0.5646409392356873
0	0.3601529896259308
0	0.6396915912628174
0	0.2752402722835541
0	0.8578757047653198
0	0.33260759711265564
0	0.33847567439079285
0	0.32054492831230164
0	0.4530283808708191
0	0.34733280539512634
0	0.42295217514038086
0	0.40388795733451843
0	0.3223187029361725
0	0.24060674011707306
0	0.32503122091293335
0	0.24935610592365265
0	0.27860939502716064
0	0.24761395156383514
0	0.27418291568756104
0	0.3978874087333679
0	0.7455704212188721
0	0.7516024708747864
0	0.45665687322616577
0	0.2789236009120941
0	0.34426093101501465
0	0.3637576699256897
0	0.7103427648544312
0	0.7231413722038269
0	0.450430303812027
0	0.3582799732685089
0	0.26153820753097534
0	0.46721696853637695
0	0.3168337941169739
0	0.2780434191226959
0	0.45538538694381714
0	0.3343026340007782
0	0.4646327495574951
0	0.5021321773529053
0	0.8865106105804443
0	0.3293763995170593
0	0.2428392767906189
0	0.2466086745262146
0	0.37047791481018066
0	0.25488001108169556
0	0.35439175367355347
0	0.3933827579021454
0	0.9950198531150818
0	0.4130178689956665
0	0.23447005450725555
0	0.6024762988090515
0	0.36333364248275757
0	0.2749076187610626
0	0.4136209487915039
0	0.7697896361351013
0	0.5466377139091492
0	0.25601211190223694
0	0.31129223108291626
0	0.28102606534957886
0	0.5626596808433533
0	0.28104516863822937
0	0.37116754055023193
0	0.3935636878013611
0	0.3725072741508484
0	0.9999947547912598
0	0.3295418918132782
0	0.2756575644016266
0	0.23831208050251007
0	0.33495938777923584
0	0.3497069180011749
0	0.35072287917137146
0	0.3290005922317505
0	0.21439892053604126
0	0.31437525153160095
0	0.4147801101207733
0	0.3267318904399872
0	0.37699073553085327
0	0.7157874703407288
0	0.4323578178882599
0	0.9724236726760864
0	0.4090690612792969
0	0.32777318358421326
0	0.3834860026836395
0	0.3729364275932312
0	0.36676591634750366
0	0.3329276144504547
0	0.30930623412132263
0	0.2816648483276367
0	0.3420923948287964
0	0.3104534149169922
0	0.33583009243011475
0	0.47208109498023987
0	0.2453307807445526
0	0.9273996353149414
0	0.2970108687877655
0	0.32659396529197693
0	0.35566118359565735
0	0.9999889135360718
0	0.5092288851737976
0	0.34356608986854553
0	0.2861325740814209
0	0.34539568424224854
0	0.27024465799331665
0	0.4730693995952606
0	0.38182035088539124
0	0.45212069153785706
0	0.3267847001552582
0	0.3287840485572815
0	0.8695114254951477
0	0.6043940186500549
0	0.3790147602558136
0	0.3578789532184601
0	0.23669756948947906
0	0.3057844638824463
0	0.27952972054481506
0	0.38575279712677
0	0.30859896540641785
0	0.48154357075691223
0	0.2755158543586731
0	0.2626742422580719
0	0.3990497887134552
0	0.34821489453315735
0	0.3038923740386963
0	0.28365468978881836
0	0.2584265470504761
0	0.4961094856262207
0	0.30903637409210205
0	0.28592419624328613
0	0.44358891248703003
0	0.29928097128868103
0	0.5346983671188354
0	0.3409234881401062
0	0.3961174190044403
0	0.32820919156074524
0	0.3492928743362427
0	0.3395393192768097
0	0.8804357051849365
0	0.7597869038581848
0	0.4852127134799957
0	0.26194101572036743
0	0.29056617617607117
0	0.23638229072093964
0	0.8244817852973938
0	0.3486514091491699
0	0.9983255863189697
0	0.27724871039390564
0	0.5710474848747253
0	0.5744561553001404
0	0.4251261353492737
0	0.4386919140815735
0	0.33551695942878723
0	0.25429418683052063
0	0.39789333939552307
0	0.32389840483665466
0	0.4464299976825714
0	0.34000641107559204
0	0.3762555420398712
0	0.37145280838012695
0	0.39934033155441284
0	0.5091928243637085
0	0.22565285861492157
0	0.4316774606704712
0	0.28118064999580383
0	0.8467099666595459
0	0.24374523758888245
0	0.336111456155777
0	0.2972687780857086
0	0.30761560797691345
0	0.3345385491847992
0	0.2797758877277374
0	0.3810347616672516
0	0.5570019483566284
0	0.3224264681339264
0	0.2774646282196045
0	0.5116645693778992
0	0.3683023452758789
0	0.27293920516967773
0	0.4190579652786255
0	0.35196688771247864
0	0.2475218027830124
0	0.3679848313331604
0	0.34369584918022156
0	0.3456483781337738
0	0.2559643089771271
0	0.2800307273864746
0	0.4837605953216553
0	0.9479203820228577
0	0.4510821998119354
0	0.4429651200771332
0	0.942343533039093
0	0.4347294569015503
0	0.3206537365913391
0	0.4148460328578949
0	0.2263440042734146
0	0.24008478224277496
0	0.715229868888855
0	0.5853190422058105
0	0.917962908744812
0	0.4524407386779785
0	0.34727349877357483
0	0.30034318566322327
0	0.30705171823501587
0	0.23614837229251862
0	0.7685326337814331
0	0.2029014378786087
0	0.31441420316696167
0	0.3286767303943634
0	0.25287091732025146
0	0.27466288208961487
0	0.33329832553863525
0	0.3327173888683319
0	0.4400629997253418
0	0.275581955909729
0	0.30509454011917114
0	0.40139076113700867
0	0.4849441647529602
0	0.2644869089126587
0	0.3076379597187042
0	0.45712724328041077
0	0.5422646999359131
0	0.46071338653564453
0	0.49250534176826477
0	0.3465612530708313
0	0.29938969016075134
0	0.31900376081466675
0	0.38403213024139404
0	0.5040575861930847
0	0.46796560287475586
0	0.5229452252388
0	0.4605942666530609
0	0.6160424947738647
0	0.28944581747055054
0	0.3237283527851105
0	0.4824405908584595
0	0.48956936597824097
0	0.2948901057243347
0	0.50555419921875
0	0.426481693983078
0	0.7944680452346802
0	0.6346399784088135
0	0.5044044852256775
0	0.26375812292099
0	0.24827417731285095
0	0.4295366406440735
0	0.3921545445919037
0	0.39548495411872864
0	0.7591014504432678
0	0.4770604074001312
0	0.5007572174072266
0	0.43277809023857117
0	0.31596171855926514
0	0.24153974652290344
0	0.4560640752315521
0	0.39391496777534485
0	0.47862309217453003
0	0.3248128592967987
0	0.2579615116119385
0	0.39121806621551514
0	0.8899087309837341
0	0.5117430686950684
0	0.3173880875110626
0	0.3471665382385254
0	0.38241681456565857
0	0.4033336043357849
0	0.2637835443019867
0	0.8857378363609314
0	0.3999948799610138
0	0.2875401973724365
0	0.3941049873828888
0	0.6453198790550232
0	0.34715479612350464
0	0.6014147996902466
0	0.6932199001312256
0	0.3071634769439697
0	0.29965221881866455
0	0.32328060269355774
0	0.3706150949001312
0	0.29696547985076904
0	0.2339990884065628
0	0.4887697696685791
0	0.31272438168525696
0	0.325565367937088
0	0.5379160046577454
0	0.351740300655365
0	0.4457029402256012
0	0.22335045039653778
0	0.27876904606819153
0	0.469870388507843
0	0.4163835048675537
0	0.36425259709358215
0	0.3437972962856293
0	0.34655478596687317
0	0.39306142926216125
0	0.4016750454902649
0	0.2590661942958832
0	0.4099198579788208
0	0.4786207377910614
0	0.24462644755840302
0	0.36428263783454895
0	0.2930517792701721
0	0.4069803059101105
0	0.4336417317390442
0	0.2745700776576996
0	0.3360956907272339
0	0.30147048830986023
0	0.616767168045044
0	0.3055518865585327
0	0.470747172832489
0	0.3542361855506897
0	0.5641899704933167
0	0.38516074419021606
0	0.5364904403686523
0	0.38934704661369324
0	0.3419743776321411
0	0.3023678660392761
0	0.30947375297546387
0	0.2642737030982971
0	0.32729804515838623
0	0.44592005014419556
0	0.40652593970298767
0	0.36908870935440063
0	0.28666335344314575
0	0.5953847765922546
0	0.2713923752307892
0	0.5961596369743347
0	0.2716597020626068
0	0.2955523431301117
0	0.31478017568588257
0	0.3536527156829834
0	0.9875393509864807
0	0.34732669591903687
0	0.4893050491809845
0	0.6168884634971619
0	0.31288376450538635
0	0.4286669194698334
0	0.2697419822216034
0	0.2519412040710449
0	0.46438974142074585
0	0.5223601460456848
0	0.8109506368637085
0	0.24796248972415924
0	0.32096076011657715
0	0.31803804636001587
0	0.3139234185218811
0	0.2842910587787628
0	0.48989802598953247
0	0.4911434054374695
0	0.3288871645927429
0	0.40683355927467346
0	0.35914042592048645
0	0.21013574302196503
0	0.29699620604515076
0	0.3334769606590271
0	0.8459922075271606
0	0.30846521258354187
0	0.43522441387176514
0	0.46514877676963806
0	0.34968769550323486
0	0.5645358562469482
0	0.32591915130615234
0	0.3125845193862915
0	0.5885757803916931
0	0.25414666533470154
0	0.3036404550075531
0	0.27084001898765564
0	0.333835244178772
0	0.27363693714141846
0	0.27973422408103943
0	0.2915084660053253
0	0.9498276114463806
0	0.3021780252456665
0	0.34648919105529785
0	0.3957890272140503
0	0.5012257099151611
0	0.23834069073200226
0	0.33303654193878174
0	0.46376854181289673
0	0.312557190656662
0	0.3933805823326111
0	0.22926850616931915
0	0.2484426498413086
0	0.3943139612674713
0	0.28930753469467163
0	0.5513111352920532
0	0.28021544218063354
0	0.40522706508636475
0	0.31703999638557434
0	0.21944500505924225
0	0.2859128415584564
0	0.26041990518569946
0	0.37643465399742126
0	0.295729398727417
0	0.4086136221885681
0	0.22706535458564758
0	0.21429668366909027
0	0.5065081715583801
0	0.3133218586444855
0	0.41561952233314514
0	0.24893051385879517
0	0.27473384141921997
0	0.6234175562858582
0	0.7723484039306641
0	0.4595641791820526
0	0.464203804731369
0	0.3523925542831421
0	0.30514511466026306
0	0.5099950432777405
0	0.3291379511356354
0	0.2740646302700043
0	0.4776073694229126
0	0.36315399408340454
0	0.3119785189628601
0	0.35632026195526123
0	0.646285355091095
0	0.544650137424469
0	0.2912885248661041
0	0.4066068232059479
0	0.5846336483955383
0	0.31924518942832947
0	0.2893814742565155
0	0.2862832546234131
0	0.2828325927257538
0	0.3532845675945282
0	0.2825709283351898
0	0.4013970196247101
0	0.31988129019737244
0	0.3420371115207672
0	0.7933932542800903
0	0.5274884700775146
0	0.3861105144023895
0	0.3432837128639221
0	0.22994258999824524
0	0.37552839517593384
0	0.4491470158100128
0	0.8710587024688721
0	0.9971128106117249
0	0.34793993830680847
0	0.27542203664779663
0	0.31472909450531006
0	0.32416707277297974
0	0.26513001322746277
0	0.264204740524292
0	0.3480415940284729
0	0.38150978088378906
0	0.3273066282272339
0	0.29721876978874207
0	0.4955465495586395
0	0.36026039719581604
0	0.445422887802124
0	0.2551864981651306
0	0.3398795425891876
0	0.27287423610687256
0	0.32678136229515076
0	0.515423595905304
0	0.2287999987602234
0	0.47466543316841125
0	0.976600170135498
0	0.4128861129283905
0	0.3806796967983246
0	0.25490260124206543
0	0.3812883496284485
0	0.29337936639785767
0	0.37007901072502136
0	0.5104875564575195
0	0.2723942995071411
0	0.32606691122055054
0	0.5942713618278503
0	0.4599887430667877
0	0.8798680305480957
0	0.5548444986343384
0	0.34272298216819763
0	0.6294939517974854
0	0.3374468982219696
0	0.3317418098449707
0	0.3368343412876129
0	0.42159345746040344
0	0.24065572023391724
0	0.4838080406188965
0	0.39046934247016907
0	0.4717712104320526
0	0.32952582836151123
0	0.2571653425693512
0	0.24643421173095703
0	0.27335861325263977
0	0.2981100380420685
0	0.3094797432422638
0	0.23630987107753754
0	0.6907938122749329
0	0.6614235639572144
0	0.2917282283306122
0	0.2420491874217987
0	0.4229123890399933
0	0.2394971400499344
0	0.8085500597953796
0	0.380161315202713
0	0.5002107620239258
0	0.8682551383972168
0	0.34045547246932983
0	0.5911085605621338
0	0.42299842834472656
0	0.35655924677848816
0	0.4109555780887604
0	0.9121571183204651
0	0.5178390145301819
0	0.31081831455230713
0	0.3714989423751831
0	0.3463800549507141
0	0.746992826461792
0	0.4451568126678467
0	0.49901896715164185
0	0.29613474011421204
0	0.33737704157829285
0	0.34019529819488525
0	0.4166022837162018
0	0.30815550684928894
0	0.3107812702655792
0	0.30796369910240173
0	0.38008224964141846
0	0.3290150761604309
0	0.345343679189682
0	0.36145398020744324
0	0.3585472106933594
0	0.3176441192626953
0	0.471792072057724
0	0.2905528247356415
0	0.2904849946498871
0	0.39054420590400696
0	0.2784920632839203
0	0.32432788610458374
0	0.46960896253585815
0	0.7029141783714294
0	0.5615951418876648
0	0.27738457918167114
0	0.2964291572570801
0	0.31264224648475647
0	0.34416499733924866
0	0.6856902241706848
0	0.701248049736023
0	0.2526923418045044
0	0.4413689076900482
0	0.32230210304260254
0	0.26693621277809143
0	0.488967627286911
0	0.8604824542999268
0	0.3681263327598572
0	0.9977659583091736
0	0.35988858342170715
0	0.37688496708869934
0	0.3379118740558624
0	0.6115750670433044
0	0.39762789011001587
0	0.3469960689544678
0	0.3260776996612549
0	0.3746597468852997
0	0.6556090116500854
0	0.31093156337738037
0	0.9899306893348694
0	0.3346942663192749
0	0.31357550621032715
0	0.26998308300971985
0	0.38180381059646606
0	0.34578636288642883
0	0.4758479595184326
0	0.37713563442230225
0	0.3433103859424591
0	0.3698926568031311
0	0.2766702473163605
0	0.3072299063205719
0	0.3390371799468994
0	0.5374367833137512
0	0.36981597542762756
0	0.3542739450931549
0	0.8089832067489624
0	0.4324512779712677
0	0.48306724429130554
0	0.3462023437023163
0	0.3555663228034973
0	0.4443059265613556
0	0.3334985673427582
0	0.30734843015670776
0	0.32218965888023376
0	0.7339894771575928
0	0.4065263569355011
0	0.45921099185943604
0	0.6339077949523926
0	0.20008979737758636
0	0.35526376962661743
0	0.31527286767959595
0	0.34680524468421936
0	0.4679788053035736
0	0.3644907772541046
0	0.27432137727737427
0	0.2897930145263672
0	0.2818509340286255
0	0.42323037981987
0	0.42486509680747986
0	0.5392160415649414
0	0.3187793493270874
0	0.32457470893859863
0	0.3246312737464905
0	0.6191475987434387
0	0.25736209750175476
0	0.375198632478714
0	0.7156320810317993
0	0.40416866540908813
0	0.4452616572380066
0	0.31708434224128723
0	0.31387826800346375
0	0.3127031922340393
0	0.4096352756023407
0	0.28250905871391296
0	0.3506985008716583
0	0.4296204447746277
0	0.9726265072822571
0	0.46991491317749023
0	0.49237221479415894
0	0.6625985503196716
0	0.3087833821773529
0	0.3581831455230713
0	0.5125476121902466
0	0.43685027956962585
0	0.6879327297210693
0	0.4134776294231415
0	0.3263022005558014
0	0.563627302646637
0	0.754220187664032
0	0.4328296482563019
0	0.7997416853904724
0	0.36035487055778503
0	0.4034455418586731
0	0.5080892443656921
0	0.4396991431713104
0	0.32189562916755676
0	0.4123630225658417
0	0.4904293119907379
0	0.4538108706474304
0	0.6361215710639954
0	0.2823387384414673
0	0.4479350745677948
0	0.7846381068229675
0	0.3107409179210663
0	0.3766487240791321
0	0.5119384527206421
0	0.41292211413383484
0	0.3080490231513977
0	0.9857347011566162
0	0.28350070118904114
0	0.4067589044570923
0	0.34505710005760193
0	0.8123663663864136
0	0.3313094675540924
0	0.2737919092178345
0	0.5366547107696533
0	0.4513535499572754
0	0.3467160761356354
0	0.23412999510765076
0	0.2531130909919739
0	0.28256332874298096
0	0.6529718637466431
0	0.5277572870254517
0	0.5057913661003113
0	0.3333960771560669
0	0.3356555700302124
0	0.32801294326782227
0	0.3061801493167877
0	0.6826952695846558
0	0.35326096415519714
0	0.5869656205177307
0	0.3007972240447998
0	0.3816109895706177
0	0.37593013048171997
0	0.3420773148536682
0	0.3690341114997864
0	0.41684630513191223
0	0.5094692707061768
0	0.38667699694633484
0	0.4103178083896637
0	0.5436158180236816
0	0.6849852800369263
0	0.34841275215148926
0	0.486795037984848
0	0.48080703616142273
0	0.43850210309028625
0	0.4234892725944519
0	0.4551800489425659
0	0.7084381580352783
0	0.4403659999370575
0	0.25461554527282715
0	0.2773224413394928
0	0.44351351261138916
0	0.9989268779754639
0	0.45914754271507263
0	0.3175950348377228
0	0.4032747447490692
0	0.2626509368419647
0	0.2417394369840622
0	0.3549141585826874
0	0.4011325538158417
0	0.3284625709056854
0	0.49469193816185
0	0.32031071186065674
0	0.2920190393924713
0	0.31645727157592773
0	0.753340482711792
0	0.26848408579826355
0	0.9226572513580322
0	0.35729682445526123
0	0.5300082564353943
0	0.48906221985816956
0	0.349048912525177
0	0.2862330377101898
0	0.46727001667022705
0	0.3341933786869049
0	0.31045427918434143
0	0.4997091293334961
0	0.4341207444667816
0	0.30161964893341064
0	0.3850807249546051
0	0.4995029866695404
0	0.29718807339668274
0	0.4847182333469391
0	0.2595205008983612
0	0.3734002113342285
0	0.4102795124053955
0	0.30962762236595154
0	0.28505077958106995
0	0.5888100266456604
0	0.48827219009399414
0	0.3665284812450409
0	0.3024076223373413
0	0.44012880325317383
0	0.28300419449806213
0	0.5281150937080383
0	0.37955158948898315
0	0.33843690156936646
0	0.32991746068000793
0	0.3187127113342285
0	0.41227462887763977
0	0.2692967653274536
0	0.6750712990760803
0	0.3064258396625519
0	0.2691480219364166
0	0.41862866282463074
0	0.4141618609428406
0	0.2916344106197357
0	0.659906268119812
0	0.3335399627685547
0	0.26379668712615967
0	0.4558916687965393
0	0.34889447689056396
0	0.4243457317352295
0	0.3222879469394684
0	0.5812892317771912
0	0.21050335466861725
0	0.3202381730079651
0	0.2697635889053345
0	0.4708267152309418
0	0.26800933480262756
0	0.2176482379436493
0	0.3329041004180908
0	0.29637211561203003
0	0.4058932662010193
0	0.3862992823123932
0	0.3612409830093384
0	0.624559760093689
0	0.2927490174770355
0	0.27889585494995117
0	0.48608866333961487
0	0.29951369762420654
0	0.2263418287038803
0	0.2520442008972168
0	0.20996472239494324
0	0.4636021554470062
0	0.3640665113925934
0	0.2819981276988983
0	0.3849232494831085
0	0.3731178343296051
0	0.34440094232559204
0	0.26593321561813354
0	0.2693907916545868
0	0.6638279557228088
0	0.3264645040035248
0	0.3464724123477936
0	0.5856273770332336
0	0.5550940036773682
0	0.24108603596687317
0	0.3282422125339508
0	0.3361128270626068
0	0.2649369537830353
0	0.3298836052417755
0	0.553565263748169
0	0.3849990665912628
0	0.1829392910003662
0	0.9747810959815979
0	0.3334933817386627
0	0.2969651222229004
0	0.3357338309288025
0	0.2813680171966553
0	0.2282668501138687
0	0.5166967511177063
0	0.5715153217315674
0	0.3517164885997772
0	0.3169761300086975
0	0.3759370446205139
0	0.3143460750579834
0	0.4378123879432678
0	0.2977603077888489
0	0.3337421119213104
0	0.35807478427886963
0	0.2806452512741089
0	0.27998343110084534
0	0.288143128156662
0	0.8831309080123901
0	0.4900857210159302
0	0.6007410287857056
0	0.4206545948982239
0	0.413398802280426
0	0.6617292165756226
0	0.3535638153553009
0	0.49223071336746216
0	0.37906521558761597
0	0.4259417951107025
0	0.3556520938873291
0	0.5648452043533325
0	0.3696410357952118
0	0.3811257779598236
0	0.3153405487537384
0	0.3190419375896454
0	0.27142107486724854
0	0.27589768171310425
0	0.6267393231391907
0	0.3587746024131775
0	0.27087390422821045
0	0.33659738302230835
0	0.32207947969436646
0	0.3134559392929077
0	0.3269302248954773
0	0.35307541489601135
0	0.4145224094390869
0	0.913193941116333
0	0.2966223955154419
0	0.9009890556335449
0	0.3038211464881897
0	0.5790019631385803
0	0.3482070565223694
0	0.36730897426605225
0	0.3456965982913971
0	0.3993879556655884
0	0.38501450419425964
0	0.32447314262390137
0	0.5216994285583496
0	0.42522409558296204
0	0.3134256601333618
0	0.700786828994751
0	0.9990062117576599
0	0.9963163733482361
0	0.40579384565353394
0	0.45817655324935913
0	0.3563036620616913
0	0.3932736814022064
0	0.3164798319339752
0	0.7094115018844604
0	0.2647933065891266
0	0.3630226254463196
0	0.4381803274154663
0	0.3361099660396576
0	0.347449392080307
0	0.3406258225440979
0	0.4472406208515167
0	0.3307202458381653
0	0.6664432287216187
0	0.390474408864975
0	0.6343183517456055
0	0.6219930648803711
0	0.2417653501033783
0	0.3085038959980011
0	0.31326842308044434
0	0.6963812708854675
0	0.31193989515304565
0	0.20467029511928558
0	0.27206099033355713
0	0.26017048954963684
0	0.32115915417671204
0	0.3157206177711487
0	0.31998252868652344
0	0.6910753846168518
0	0.42548632621765137
0	0.6191830039024353
0	0.26053470373153687
0	0.3534994125366211
0	0.21899791061878204
0	0.3679245412349701
0	0.3285595178604126
0	0.26740342378616333
0	0.30555295944213867
0	0.8395037055015564
0	0.3930106461048126
0	0.3335930109024048
0	0.4029283821582794
0	0.2998046875
0	0.3186631202697754
0	0.25499242544174194
0	0.507810652256012
0	0.3384486436843872
0	0.4747467339038849
0	0.429462194442749
0	0.46057242155075073
0	0.5396144390106201
0	0.2506982684135437
0	0.3292864263057709
0	0.9902529120445251
0	0.43062105774879456
0	0.2762642502784729
0	0.32426345348358154
0	0.23859280347824097
0	0.32786548137664795
0	0.43655112385749817
0	0.5166136622428894
0	0.4234253764152527
0	0.4729369878768921
0	0.33019906282424927
0	0.4997904598712921
0	0.3786279559135437
0	0.39746198058128357
0	0.42701053619384766
0	0.3339708149433136
0	0.4066484272480011
0	0.606665313243866
0	0.6358411908149719
0	0.322902649641037
0	0.6436952352523804
0	0.39210015535354614
0	0.4467349648475647
0	0.6644682288169861
0	0.30326491594314575
0	0.847881019115448
0	0.261402428150177
0	0.32159727811813354
0	0.297847718000412
0	0.6521137952804565
0	0.3567892909049988
0	0.37417128682136536
0	0.3380246162414551
0	0.4198175072669983
0	0.42924660444259644
0	0.6960676908493042
0	0.5673930644989014
0	0.2751472294330597
0	0.3473488986492157
0	0.26558342576026917
0	0.2240045666694641
0	0.29351112246513367
0	0.5449984073638916
0	0.3251260817050934
0	0.6362234950065613
0	0.40166768431663513
0	0.2779061198234558
0	0.2849413752555847
0	0.36000093817710876
0	0.48338091373443604
0	0.3175739645957947
0	0.23662373423576355
0	0.24536952376365662
0	0.25516676902770996
0	0.3391748070716858
0	0.3254551589488983
0	0.6167940497398376
0	0.3273053467273712
0	0.8157253861427307
0	0.4106215834617615
0	0.5452967882156372
0	0.28571999073028564
0	0.34734123945236206
0	0.30393439531326294
0	0.2693367004394531
0	0.6850972771644592
0	0.418954074382782
0	0.2235988825559616
0	0.42141836881637573
0	0.28058984875679016
0	0.35459840297698975
0	0.48468196392059326
0	0.4559600353240967
0	0.303435355424881
0	0.27994054555892944
0	0.5910519957542419
0	0.24102158844470978
0	0.4734733998775482
0	0.3205453157424927
0	0.3567185401916504
0	0.7683062553405762
0	0.3051826059818268
0	0.3846050202846527
0	0.297035276889801
0	0.8242766857147217
0	0.4471423625946045
0	0.4865470230579376
0	0.25591978430747986
0	0.29686206579208374
0	0.4327663481235504
0	0.41623613238334656
0	0.4280150532722473
0	0.34960222244262695
0	0.24228203296661377
0	0.4366065263748169
0	0.47721078991889954
0	0.2973558306694031
0	0.41814756393432617
0	0.30226585268974304
0	0.2906384766101837
0	0.38749992847442627
0	0.4007164239883423
0	0.7332040667533875
0	0.6933945417404175
0	0.28118765354156494
0	0.7757336497306824
0	0.31238049268722534
0	0.2695631980895996
0	0.6880072355270386
0	0.32477447390556335
0	0.31056851148605347
0	0.3792394697666168
0	0.4176693558692932
0	0.25370705127716064
0	0.28599798679351807
0	0.25780823826789856
0	0.3373638689517975
0	0.2992458641529083
0	0.24999378621578217
0	0.5509644746780396
0	0.2811439633369446
0	0.5182186961174011
0	0.5153252482414246
0	0.3692321181297302
0	0.2827938497066498
0	0.41737666726112366
0	0.2450273483991623
0	0.6117751598358154
0	0.2795443534851074
0	0.2683923542499542
0	0.4997340440750122
0	0.25185006856918335
0	0.5655056834220886
0	0.35246068239212036
0	0.3363800048828125
0	0.3930266797542572
0	0.3295646011829376
0	0.5460641384124756
0	0.34738215804100037
0	0.46074917912483215
0	0.3772808611392975
0	0.361900269985199
0	0.28075888752937317
0	0.4039122462272644
0	0.510211706161499
0	0.4033498466014862
0	0.38233545422554016
0	0.26346200704574585
0	0.28341466188430786
0	0.5640420913696289
0	0.5633410215377808
0	0.31053128838539124
0	0.31205856800079346
0	0.3883337676525116
0	0.38037556409835815
0	0.26173216104507446
0	0.9999948740005493
0	0.26854604482650757
0	0.3183971643447876
0	0.4461662471294403
0	0.8564252853393555
0	0.25041520595550537
0	0.3376609981060028
0	0.24302570521831512
0	0.27982163429260254
0	0.27909964323043823
0	0.3829074203968048
0	0.32219165563583374
0	0.7558890581130981
0	0.3909326493740082
0	0.33051252365112305
0	0.30960771441459656
0	0.3446495831012726
0	0.3348861336708069
0	0.38623887300491333
0	0.3776642382144928
0	0.3442578911781311
0	0.27423253655433655
0	0.6998289823532104
0	0.47253042459487915
0	0.28478875756263733
0	0.4193405210971832
0	0.2564476430416107
0	0.36552008986473083
0	0.7230963110923767
0	0.2899509370326996
0	0.3184272348880768
0	0.37554943561553955
0	0.36330798268318176
0	0.28964945673942566
0	0.4048917889595032
0	0.29758432507514954
0	0.33458590507507324
0	0.353199303150177
0	0.27297472953796387
0	0.3354063928127289
0	0.22889578342437744
0	0.3706008791923523
0	0.3111908435821533
0	0.28756722807884216
0	0.2662803828716278
0	0.46470907330513
0	0.555738627910614
0	0.39329102635383606
0	0.270110160112381
0	0.2868220806121826
0	0.32133057713508606
0	0.3473060727119446
0	0.9229527711868286
0	0.3484611511230469
0	0.35525667667388916
0	0.23008236289024353
0	0.2873198390007019
0	0.2541068494319916
0	0.2882250249385834
0	0.2958090007305145
0	0.224857896566391
0	0.247442364692688
0	0.3188215494155884
0	0.6468261480331421
0	0.38672131299972534
0	0.5831777453422546
0	0.25062084197998047
0	0.2949763238430023
0	0.420852929353714
0	0.34661194682121277
0	0.6331571340560913
0	0.6432408690452576
0	0.4149929881095886
0	0.532069206237793
0	0.9158210158348083
0	0.2285873144865036
0	0.3578561544418335
0	0.9998733401298523
0	0.3188280761241913
0	0.37528765201568604
0	0.3545635938644409
0	0.3140518069267273
0	0.25929883122444153
0	0.4018718898296356
0	0.33957013487815857
0	0.3590564727783203
0	0.2794203460216522
0	0.2831844091415405
0	0.31063979864120483
0	0.3442220091819763
0	0.3913014233112335
0	0.3688526153564453
0	0.5034945011138916
0	0.3057723045349121
0	0.37710660696029663
0	0.3489231467247009
0	0.31448060274124146
0	0.7123754024505615
0	0.21661001443862915
0	0.3731082081794739
